0.00001730
0.00062580
0.00045670
0.00041970
0.00039810
0.00045430
0.00044370
0.00043020
0.00041380
0.00041740
0.00063480
0.00042990
0.00044450
0.00042860
0.00062340
0.00041660
0.00041090
0.00041460
0.00041110
0.00040970
0.00041240
0.00042880
0.00045340
0.00042120
0.00041420
0.00042430
0.00041970
0.00061920
0.00047380
0.00042320
0.00041000
0.00040900
0.00040980
0.00043170
0.00041300
0.00041480
0.00040710
0.00040660
0.00040600
0.00041140
0.00064130
0.00041700
0.00040840
0.00043040
0.00042730
0.00042240
0.00042080
0.00000000
0.00000000
0.00000000
0.00000000
0.00007420
0.00100700
0.00108610
0.00108550
0.00099150
0.00077030
0.00101990
0.00076540
0.00104350
0.00110150
0.00099380
0.00075830
0.00099120
0.00078800
0.00098890
0.00076790
0.00099200
0.00079220
0.00100030
0.00076650
0.00101780
0.00086500
0.00099760
0.00076640
0.00099340
0.00076210
0.00098970
0.00106340
0.00095310
0.00073790
0.00097800
0.00000000
0.00000000
0.00000000
0.00000000
0.00006090
0.00060380
0.00045520
0.00044680
0.00044870
0.00045430
0.00044830
0.00045130
0.00057140
0.00045780
0.00045250
0.00045230
0.00044480
0.00045540
0.00045870
0.00045100
0.00070620
0.00045260
0.00044840
0.00044710
0.00045910
0.00044860
0.00045020
0.00044980
0.00044640
0.00045000
0.00047990
0.00070180
0.00045000
0.00045090
0.00045050
0.00044550
0.00070940
0.00050650
0.00046320
0.00045460
0.00045100
0.00045810
0.00045620
0.00045230
0.00044920
0.00044850
0.00044790
0.00064010
0.00046400
0.00045460
0.00045210
0.00045000
0.00044960
0.00045740
0.00050150
0.00045010
0.00044980
0.00044710
0.00044550
0.00044460
0.00072080
0.00050310
0.00045410
0.00064240
0.00045770
0.00045730
0.00045200
0.00045500
0.00045140
0.00044800
0.00044910
0.00044420
0.00050310
0.00048420
0.00065080
0.00044840
0.00050420
0.00045150
0.00044410
0.00063800
0.00045450
0.00044990
0.00044620
0.00056180
0.00045290
0.00044860
0.00044800
0.00044450
0.00045050
0.00045260
0.00064100
0.00044940
0.00044740
0.00045150
0.00044080
0.00045000
0.00044980
0.00044760
0.00044730
0.00044440
0.00045190
0.00066040
0.00045020
0.00044280
0.00044930
0.00048380
0.00000000
0.00000000
0.00000000
0.00000000
0.00004570
0.00103630
0.00077470
0.00101080
0.00072360
0.00113860
0.00081670
0.00111560
0.00088720
0.00104030
0.00108780
0.00103530
0.00077420
0.00105070
0.00084240
0.00102680
0.00000000
0.00000000
0.00000000
0.00000000
0.00004840
0.00103500
0.00084510
0.00084270
0.00084970
0.00085750
0.00088360
0.00085440
0.00084750
0.00102590
0.00095490
0.00085650
0.00084850
0.00084500
0.00084050
0.00090070
