0.00172060
0.00233100
0.00233150
0.00217540
0.00211750
0.00000000
0.00000000
0.00000000
0.00000000
0.00154010
0.00189880
0.00190600
0.00221640
0.00224890
0.00197100
0.00215040
0.00216610
0.00230260
0.00240670
0.00186760
0.00179250
0.00200680
0.00223450
0.00207140
0.00183410
0.00178250
0.00192390
0.00217950
0.00213970
0.00190420
0.00184590
0.00191320
0.00221560
0.00207890
0.00182400
0.00180710
0.00191380
0.00226570
0.00228570
0.00190440
0.00188640
0.00202820
0.00223680
0.00208480
0.00181770
0.00181170
0.00193940
0.00218960
0.00217060
0.00183660
0.00179630
0.00196660
0.00220160
0.00208400
0.00183390
0.00179670
0.00190770
0.00239640
0.00213130
0.00188860
0.00188690
0.00201540
0.00225700
0.00212460
0.00182870
0.00178590
0.00196030
0.00219050
0.00212530
0.00183170
0.00182270
0.00192080
0.00222360
0.00215890
0.00183440
0.00177680
0.00194750
0.00240070
0.00212250
0.00183280
0.00176740
0.00205190
0.00227930
0.00215630
0.00189370
0.00179240
0.00191540
0.00239910
0.00214120
0.00183550
0.00177460
0.00191440
0.00224610
0.00209920
0.00178740
0.00169880
0.00187610
0.00299280
0.00264070
0.00197530
0.00182780
0.00194930
0.00262840
0.00248660
0.00180990
0.00203660
0.00191750
0.00210760
0.00205060
0.00176600
0.00170400
0.00182610
0.00211210
0.00224580
0.00176180
0.00169720
0.00181940
0.00214340
0.00204500
0.00176400
0.00170500
0.00182230
0.00229130
0.00216900
0.00183260
0.00170210
0.00190720
0.00223530
0.00225350
0.00187370
0.00178290
0.00190100
0.00233190
0.00212530
0.00189500
0.00179840
0.00190380
0.00224540
0.00214040
0.00185290
0.00177460
0.00188820
0.00223100
0.00211490
0.00183860
0.00183180
0.00192470
0.00224460
0.00217980
0.00185020
0.00185420
0.00192730
0.00223330
0.00216200
0.00180590
0.00179670
0.00188770
0.00224490
0.00219480
0.00182880
0.00176910
0.00191260
0.00233110
0.00213570
0.00180470
0.00177000
0.00195480
0.00225570
0.00218410
0.00185870
0.00179300
0.00195860
0.00231540
0.00219360
0.00182190
0.00189290
0.00188870
0.00228720
0.00221740
0.00187540
0.00180300
0.00190640
0.00231360
0.00219330
0.00183060
0.00179980
0.00192520
0.00238310
0.00224480
0.00184550
0.00181440
0.00192220
0.00244410
0.00220940
0.00183600
0.00178180
0.00190700
0.00237200
0.00230560
0.00189280
0.00180830
0.00192470
0.00238340
0.00219670
0.00184010
0.00178520
0.00191670
0.00236390
0.00227240
0.00186770
0.00180000
0.00191780
0.00230520
0.00220070
0.00183380
0.00176250
0.00190370
0.00229970
0.00231600
0.00187140
0.00179230
0.00188410
0.00228980
0.00227200
0.00181340
0.00171780
0.00183940
0.00218490
0.00224940
0.00190940
0.00173070
0.00188090
0.00223470
0.00209570
0.00176580
0.00177030
0.00184910
0.00219460
0.00216860
0.00192630
0.00172730
0.00182190
0.00219860
0.00209520
0.00182840
0.00171970
0.00182180
0.00219040
0.00216110
0.00176540
0.00194610
0.00186610
0.00221040
0.00210090
0.00180530
0.00197370
0.00186960
0.00220400
0.00215400
0.00177530
0.00172320
0.00182860
0.00219530
0.00209410
0.00175310
0.00170840
0.00191620
0.00219060
0.00214500
0.00176030
0.00173250
0.00189970
0.00274910
0.00214070
0.00180930
0.00176110
0.00188650
0.00220650
0.00214500
0.00181540
0.00175370
0.00182380
0.00257000
0.00233610
0.00195580
0.00178770
0.00185760
0.00263880
0.00261460
0.00191110
0.00177600
0.00201200
0.00238540
0.00219710
0.00187580
0.00179350
0.00194250
0.00249050
0.00227280
0.00185570
0.00178620
0.00190030
0.00235370
0.00219830
0.00181550
0.00179820
0.00192860
0.00234290
0.00220700
0.00188720
0.00179190
0.00193740
0.00219220
0.00212470
0.00184720
0.00179430
0.00193730
0.00221410
0.00221240
0.00186280
0.00181120
0.00191810
0.00222360
0.00216990
0.00183010
0.00172620
0.00184590
0.00215850
0.00228720
0.00180970
0.00183080
0.00184550
0.00214640
0.00200850
0.00186490
0.00175790
0.00188010
0.00212230
0.00207410
0.00191370
0.00172760
0.00170410
0.00170840
0.00171610
0.00170630
0.00188370
0.00172190
0.00172860
0.00175940
0.00170420
0.00171550
0.00179220
0.00172000
0.00171570
0.00189010
0.00210390
0.00211380
0.00215940
0.00216200
0.00215960
0.00203840
0.00226990
0.00248500
0.00212670
0.00207940
0.00207740
0.00208980
0.00207530
0.00224100
0.00204720
0.00176590
0.00202600
0.00203300
0.00173300
0.00169860
0.00169100
0.00168520
0.00204880
0.00196480
0.00223540
0.00206440
0.00182350
0.00175140
0.00178750
0.00189970
0.00187580
0.00203950
0.00180860
0.00225120
0.00179060
0.00175520
0.00170710
0.00172100
0.00179970
0.00178740
0.00179080
0.00179530
0.00179010
0.00178460
0.00179780
0.00181090
0.00180990
0.00183490
0.00180870
0.00180040
0.00178700
0.00179340
0.00180770
0.00177770
0.00177700
0.00178970
0.00181290
0.00179790
0.00180800
0.00179990
