0.00079910
0.00074470
0.00062510
0.00063990
0.00065790
0.00062990
0.00063550
0.00061160
0.00060830
0.00063690
0.00061380
0.00060730
0.00064660
0.00067490
0.00064880
0.00062300
0.00060980
0.00061220
0.00062360
0.00060960
0.00061010
0.00063950
0.00062400
0.00064590
0.00061610
0.00061460
0.00060460
0.00062810
0.00060690
0.00063020
0.00064800
0.00065500
0.00061260
0.00061150
0.00060640
0.00062790
0.00060770
0.00061050
0.00061980
0.00062020
0.00062770
0.00063040
0.00062060
0.00061490
0.00063890
0.00061380
0.00061500
0.00060940
0.00061470
0.00061900
0.00060720
0.00061740
0.00063870
0.00061760
0.00060620
0.00060600
0.00060660
0.00061580
0.00063380
0.00061510
0.00060700
0.00064550
0.00064480
0.00061830
0.00061370
0.00063350
0.00062810
0.00062730
0.00060870
0.00060830
0.00061450
0.00061420
0.00061520
0.00061410
0.00061290
0.00060770
0.00061200
0.00060710
0.00062510
0.00063390
0.00062430
0.00060740
0.00060330
0.00060530
0.00061040
0.00061400
0.00061630
0.00060850
0.00062180
0.00061610
0.00060870
0.00060700
0.00061460
0.00061490
0.00060690
0.00060870
0.00062060
0.00063080
0.00062940
0.00062030
0.00062020
0.00060790
0.00061470
0.00061240
0.00060930
0.00063760
0.00065910
0.00062820
0.00061010
0.00060940
0.00060510
0.00060930
0.00060660
0.00064120
0.00064940
0.00060980
0.00060570
0.00061760
0.00060740
0.00062120
0.00063020
0.00065330
0.00066810
0.00061730
0.00060770
0.00060570
0.00060160
0.00061370
0.00062310
0.00060480
0.00060910
0.00060960
0.00060610
0.00060280
0.00061310
0.00061710
0.00060560
0.00060360
0.00060870
0.00060710
0.00061400
0.00061840
0.00000000
0.00000000
0.00000000
0.00000000
0.00050430
0.00067240
0.00060700
0.00061360
0.00059760
0.00058900
0.00059610
0.00063080
0.00059610
0.00059180
0.00059980
0.00062130
0.00059030
0.00059600
0.00059930
0.00000000
0.00000000
0.00000000
0.00000000
0.00126820
0.00187290
0.00172150
0.00175490
0.00169860
0.00170830
0.00000000
0.00000000
0.00000000
0.00000000
0.00148140
0.00173880
0.00169590
0.00170050
0.00170480
0.00171070
0.00171000
0.00169370
0.00169150
0.00169440
0.00169890
0.00171660
0.00169520
0.00168250
0.00169780
0.00169720
0.00171710
0.00169980
0.00169160
0.00169210
0.00169900
0.00170400
0.00169440
0.00169690
0.00169000
0.00169370
0.00169730
0.00170920
0.00170000
0.00169680
0.00168880
0.00169220
0.00182230
0.00173300
0.00168840
0.00169500
0.00169390
0.00171950
0.00171350
0.00169620
0.00169500
0.00169210
0.00168430
0.00172410
0.00169450
0.00168250
0.00169680
0.00171020
0.00168950
0.00170990
0.00168360
0.00169290
0.00169720
0.00168240
0.00182110
0.00170220
0.00168360
0.00169820
0.00168310
0.00169500
0.00170340
0.00168740
0.00169660
0.00169520
0.00168920
0.00169590
0.00169210
0.00168950
0.00169440
0.00168710
0.00171430
0.00168610
0.00162290
0.00162760
0.00162370
0.00161830
0.00162330
0.00161300
0.00163480
0.00161790
0.00160680
0.00161720
0.00166880
0.00161820
0.00162690
0.00161850
0.00161880
0.00169070
0.00161350
0.00163650
0.00163020
0.00161480
0.00161900
0.00167630
0.00161600
0.00162110
