0.00001310
0.00174410
0.00186170
0.00208680
0.00193780
0.00206870
0.00176050
0.00174530
0.00169180
0.00203120
0.00180400
0.00180800
0.00172620
0.00176380
0.00168360
0.00191590
0.00189600
0.00180470
0.00169960
0.00182970
0.00174200
0.00181070
0.00174690
0.00183940
0.00173130
0.00181170
0.00179270
0.00188320
0.00182620
0.00183910
0.00172370
0.00167760
0.00191800
0.00178050
0.00187850
0.00190630
0.00189490
0.00193780
0.00173410
0.00182050
0.00180070
0.00162910
0.00169100
0.00189720
0.00177360
0.00185870
0.00175300
0.00183650
0.00168810
0.00189430
0.00178240
0.00175700
0.00163950
0.00157800
0.00181440
0.00175660
0.00168530
0.00178250
0.00167640
0.00180770
0.00174450
0.00184110
0.00186980
0.00175940
0.00163600
0.00159630
0.00169360
0.00178220
0.00166640
0.00179920
0.00168270
0.00178330
0.00260760
0.00186990
0.00182890
0.00213250
0.00191800
0.00197230
0.00173460
0.00187450
0.00170240
0.00178980
0.00179150
0.00190880
0.00186320
0.00185270
0.00176660
0.00186630
0.00184540
0.00188370
0.00185790
0.00187180
0.00174940
0.00187130
0.00172680
0.00185710
0.00181620
0.00184070
0.00181370
0.00197980
0.00181520
0.00186300
0.00173360
0.00184940
0.00175330
0.00186020
0.00173850
0.00188220
0.00185820
0.00193730
0.00176080
0.00187960
0.00175420
0.00185350
0.00174280
0.00188480
0.00173990
0.00188440
0.00185370
0.00185720
0.00176890
0.00186050
0.00173700
0.00185600
0.00174780
0.00185610
0.00173660
0.00168080
0.00172550
0.00153610
0.00131200
0.00000000
0.00000000
0.00000000
0.00000000
0.00001070
0.00171710
0.00176740
0.00177990
0.00162770
0.00176830
0.00163300
0.00160930
0.00163610
0.00175850
0.00164350
0.00179680
0.00164910
0.00177980
0.00159780
0.00169280
0.00158280
0.00167330
0.00157920
0.00170970
0.00166040
0.00180480
0.00158480
0.00177980
0.00155070
0.00186370
0.00181950
0.00185430
0.00151450
0.00182320
0.00180350
0.00173340
0.00157020
0.00179520
0.00171500
0.00167150
0.00167290
0.00178830
0.00185090
0.00185570
0.00156630
0.00192350
0.00191680
0.00181720
0.00188350
0.00164830
0.00164860
0.00178470
0.00166440
0.00170860
0.00157260
0.00171040
0.00159370
0.00179410
0.00159060
0.00164190
0.00164930
0.00180490
0.00144040
0.00183590
0.00174250
0.00176650
0.00165900
0.00160190
0.00142670
0.00148490
0.00157050
0.00159110
0.00158100
0.00165490
0.00159430
0.00187960
0.00156020
0.00164450
0.00165820
0.00170570
0.00147860
0.00179140
0.00170070
0.00183810
0.00160530
0.00168170
0.00160470
0.00171670
0.00169590
0.00169890
0.00166000
0.00181990
0.00171150
0.00170900
0.00147770
0.00181170
0.00169490
0.00167760
0.00180070
0.00173330
0.00169320
0.00175280
0.00143650
0.00174290
0.00157520
0.00196760
0.00169360
0.00167330
0.00177440
0.00161290
0.00168760
0.00177560
0.00149580
0.00177620
0.00145610
0.00178330
0.00167130
0.00167540
0.00178500
0.00167630
0.00166350
0.00187950
0.00172010
0.00198860
0.00167550
0.00171090
0.00174850
0.00178180
0.00156810
0.00171050
0.00165850
0.00163960
0.00163220
0.00188540
0.00154870
0.00180380
0.00144410
0.00173340
0.00168450
0.00175430
0.00162920
0.00178030
0.00168160
0.00170560
0.00175420
0.00186960
0.00156710
0.00187490
0.00166010
0.00177460
0.00161810
0.00171470
0.00158460
0.00176570
0.00180250
0.00183200
0.00152540
0.00185470
0.00171330
0.00172110
0.00173170
0.00176940
0.00176510
0.00185000
0.00178760
0.00177440
0.00174370
0.00177340
0.00170260
0.00170260
0.00147070
0.00158410
0.00166340
0.00178720
0.00152300
0.00149230
0.00156600
0.00155610
0.00156440
0.00123740
0.00157660
0.00157000
0.00178210
0.00149860
0.00149470
0.00145460
0.00136960
0.00128220
0.00134860
0.00159700
0.00171230
0.00147530
0.00178010
0.00167000
0.00104750
0.00115720
0.00120760
0.00121910
0.00133000
0.00154800
0.00131040
0.00142880
0.00133940
0.00129430
0.00125740
0.00000000
0.00000000
0.00000000
0.00000000
0.00005610
0.00196720
0.00192480
0.00181590
0.00197690
0.00195410
0.00183510
0.00198300
0.00185880
0.00197780
0.00205080
0.00182500
0.00176550
0.00170330
0.00185670
0.00195300
0.00188050
0.00201310
0.00201910
0.00201580
0.00219690
0.00191000
0.00185640
0.00182670
0.00174430
0.00213020
0.00202430
0.00201910
0.00201840
0.00359630
0.00224490
0.00189420
0.00191480
0.00173250
0.00179400
0.00194280
0.00184120
0.00179750
0.00189040
0.00193430
0.00206980
0.00201400
0.00191020
0.00190600
0.00186160
0.00189180
0.00194320
0.00191870
0.00228550
0.00229620
0.00227950
0.00240410
0.00233000
0.00235160
0.00239540
0.00232960
0.00222140
0.00235030
0.00232390
0.00233870
0.00235940
0.00231860
0.00227480
0.00233910
0.00226940
0.00237670
0.00231920
0.00232700
0.00231790
0.00232350
0.00230910
0.00224980
0.00205370
0.00231030
0.00203960
0.00224850
0.00197000
0.00176720
0.00000000
0.00000000
0.00000000
0.00000000
0.00000990
0.00100470
0.00100110
0.00105020
0.00097080
0.00099830
0.00101250
0.00097100
0.00095080
0.00094670
0.00097390
0.00106750
0.00099140
0.00107440
0.00111130
0.00096910
0.00097370
0.00096830
0.00097120
0.00115330
0.00097500
0.00097080
0.00097310
0.00096920
0.00096730
0.00101480
0.00097950
0.00101310
0.00110440
0.00108930
0.00110560
0.00096540
0.00097170
0.00108260
0.00112640
0.00102360
0.00097610
0.00097080
0.00105140
0.00105450
0.00101050
0.00100830
0.00104510
0.00111760
0.00115760
0.00103910
0.00100770
0.00100810
0.00101030
0.00102590
0.00103030
0.00102270
0.00102140
0.00102780
0.00101750
0.00101550
0.00101740
0.00102020
0.00105670
0.00104730
0.00110110
0.00108530
0.00102450
0.00102100
0.00102140
0.00102680
0.00102980
0.00106220
0.00109020
0.00104010
0.00104150
0.00106460
0.00112040
0.00104200
0.00104970
0.00110220
0.00109950
0.00104100
0.00104210
0.00104490
0.00108260
0.00104530
0.00098740
0.00099040
0.00096300
0.00102560
0.00103160
0.00098790
0.00091780
0.00088990
0.00088700
0.00073290
0.00088040
0.00099540
0.00099370
0.00119790
0.00099180
0.00101570
0.00098820
0.00107080
0.00096150
0.00098840
0.00090270
0.00096530
0.00095100
0.00111350
0.00102500
0.00123820
0.00097150
0.00101230
0.00110340
0.00109320
0.00095100
0.00099230
0.00096890
0.00106580
0.00095490
0.00100710
0.00120900
0.00108050
0.00097750
0.00149320
0.00094460
0.00085680
0.00079100
0.00088110
0.00090620
0.00094380
0.00090550
0.00078030
0.00098520
0.00097820
0.00089760
0.00108950
0.00097460
0.00102090
0.00108060
0.00100340
0.00098200
0.00100110
0.00097360
0.00092440
0.00093280
0.00099110
0.00099160
0.00099760
0.00105520
0.00100380
0.00101760
0.00101620
0.00099620
0.00100630
0.00098510
0.00099600
0.00104100
0.00099400
0.00104350
0.00099450
0.00103110
0.00098430
0.00104420
0.00094910
0.00103780
0.00103900
0.00094640
0.00095550
0.00088860
0.00102800
0.00100410
0.00101110
0.00097000
0.00093450
0.00096940
0.00096860
0.00076550
0.00089870
0.00093670
0.00094630
0.00101170
0.00096490
0.00105000
0.00094110
0.00107320
0.00095710
0.00098280
0.00110140
0.00082040
0.00089750
0.00092030
0.00098600
0.00099890
0.00097070
0.00099480
0.00101000
0.00104820
0.00095870
0.00094970
0.00101000
0.00105950
0.00096460
0.00096790
0.00108640
0.00108490
0.00106250
0.00096760
0.00095900
0.00095750
0.00095860
0.00094990
0.00096070
0.00095200
0.00095810
0.00094870
0.00095170
0.00094520
0.00094530
0.00102630
0.00095600
0.00094630
0.00095530
0.00095030
0.00098490
0.00109910
0.00107580
0.00095910
0.00095110
0.00098430
0.00098500
0.00094230
0.00095060
0.00098620
0.00099520
0.00095960
0.00095680
0.00094590
0.00097220
0.00095480
0.00095650
0.00095770
0.00096840
0.00103330
0.00113400
0.00109070
0.00100220
0.00095160
0.00095430
0.00096460
0.00096760
0.00095570
0.00095690
0.00095240
0.00096360
0.00095330
0.00095780
0.00094720
0.00105220
0.00106950
0.00096700
0.00094790
0.00100910
0.00114580
0.00105880
0.00098160
0.00114480
0.00117970
0.00102620
0.00107230
0.00101990
0.00105560
0.00101930
0.00107710
0.00102490
0.00105280
0.00103070
0.00106470
0.00097850
0.00096730
0.00077230
0.00082070
0.00000000
0.00000000
0.00000000
0.00000000
0.00005480
0.00183480
0.00173000
0.00177500
0.00173660
0.00182780
0.00169530
0.00173250
0.00170610
0.00173860
0.00161310
0.00166980
0.00126720
0.00132920
0.00175880
0.00169970
0.00158460
0.00173550
0.00164640
0.00168360
0.00146220
0.00163000
0.00163460
0.00170640
0.00166250
0.00174000
0.00159460
0.00165840
0.00196630
0.00172070
0.00163960
0.00000000
0.00000000
0.00000000
0.00000000
0.00001080
0.00145550
0.00164840
0.00163950
0.00145980
0.00153090
0.00165690
0.00160390
0.00145220
0.00153390
0.00166290
0.00160830
0.00146030
0.00153410
0.00166110
0.00160890
0.00146910
0.00152500
0.00164700
0.00161280
0.00170630
0.00149240
0.00150170
0.00161240
0.00155090
0.00148080
0.00137190
0.00142640
0.00136060
0.00144490
