0.00851290
0.01339280
0.01352790
0.01374550
0.01221790
0.01179030
0.01273910
0.01252210
0.01365420
0.01223020
0.01231870
0.01239670
0.01180390
0.01195040
0.01254600
0.01236890
0.01179620
0.01195480
0.01177890
0.01158160
0.00000000
0.00000000
0.00000000
0.00000000
0.01359880
0.01780480
0.01806760
0.01814680
0.01778790
0.01875620
0.02150190
0.01827610
0.01713640
0.01830140
0.01855860
0.02194700
0.02807390
0.03139720
0.01881000
0.01779360
0.01757020
0.01805540
0.01780210
0.01704980
0.01651260
0.01731900
0.01666290
0.01829300
0.01708490
0.01709110
0.01662870
0.01755480
0.01727860
0.01684450
0.01644810
0.01746650
0.01702120
0.01768930
0.01779790
0.01788740
0.01925870
0.01848610
0.02153430
0.01808830
0.01805100
0.01762790
0.01714740
0.02141300
0.02662550
0.01943390
0.01849640
0.02003700
0.01774000
0.01661730
0.01732190
0.01787110
0.01758600
0.01704370
0.01809980
0.01924310
0.02210380
0.02072170
0.01625990
0.01652060
0.01706660
0.01670530
0.01643520
0.01628240
0.01822360
0.01877610
0.01670010
0.01732120
0.01834370
0.01716600
0.01649970
0.01752610
0.01669700
0.01651700
0.01745470
0.01620960
0.01659770
0.01727250
0.01642640
0.01623360
0.01663620
0.01637020
0.01622250
0.01603050
0.01658260
0.01738910
0.01614390
0.01623500
0.01692810
0.01622440
0.01579820
0.01855650
0.01672790
0.01708840
0.01751480
0.01594250
0.01685710
0.01716660
0.01609150
0.01592180
0.01658670
0.01618990
0.01598690
0.01614550
0.01677270
0.01750410
0.01564760
0.01568110
0.01652960
0.01573330
0.01590890
0.01910690
0.01739970
0.01730330
0.01700270
0.01609850
0.01625420
0.01729320
0.01652930
0.01696600
0.01684240
0.01629940
0.01658040
0.01608460
0.01672320
0.01710920
0.01580880
0.01609130
0.01741510
0.01660440
0.01594350
0.01748890
0.01666360
0.01735440
0.01750820
0.01623500
0.01650110
0.01721590
0.01635240
0.01624880
0.01650340
0.01620250
0.01610900
0.01607450
0.01619060
0.01680410
0.00000000
0.00000000
0.00000000
0.00000000
0.00602910
0.01030380
0.00800520
0.00787250
0.00680230
0.00710830
0.00805180
0.00670890
0.00704250
0.00815950
0.00000000
0.00000000
0.00000000
0.00000000
0.00900420
0.01322370
0.01328020
0.01304180
0.01161920
0.00000000
0.00000000
0.00000000
0.00000000
0.00959570
0.01246590
0.01209630
0.01240780
0.01179750
0.01131440
0.01190730
0.01248650
0.01157780
0.01196450
0.01251260
0.01154430
0.01176700
0.01243910
0.01145520
0.00000000
0.00000000
0.00000000
0.00000000
0.00888050
0.01173110
0.01176320
0.01144960
0.01226890
0.01133380
0.01115980
0.01134240
0.01163160
0.01239380
0.01134770
0.01264980
0.01262970
0.01142010
0.01176630
0.01298790
0.01161000
0.01172390
0.01327300
0.01156930
0.01198150
0.00000000
0.00000000
0.00000000
0.00000000
0.00574040
0.00672970
0.00602890
0.00000000
0.00000000
0.00000000
0.00000000
0.00583740
0.00786290
0.00750490
0.00718650
0.00670320
0.00695010
0.00688700
0.00682890
0.00687230
0.00762460
0.00660150
0.00692010
0.00761600
0.00674960
0.00666010
0.00675420
0.00663060
0.00669320
0.00688630
0.00759360
0.00668750
0.00697610
0.00761290
0.00668940
0.00660730
0.00662940
0.00670050
0.00677910
0.00701680
0.00753060
0.00674480
0.00689200
0.00751110
0.00666450
0.00666650
0.00663440
0.00669000
0.00664040
0.00691450
0.00762340
0.00658140
0.00686810
0.00764620
0.00718690
0.00728390
0.00776590
0.00659820
0.00674110
0.00658160
0.00667270
0.00656560
0.00702300
0.00764490
0.00681500
0.00687120
0.00765220
0.00653200
0.00656290
0.00653890
0.00665990
0.00643130
0.00636580
0.00621770
0.00705500
0.00651620
0.00716730
0.00626560
0.00670120
0.00741680
0.00623750
0.00623880
0.00631010
0.00623470
0.00647540
0.00675680
0.00748410
0.00659030
0.00677810
0.00747120
0.00650800
0.00652740
0.00649990
0.00669860
0.00662740
0.00704270
0.00737570
0.00669150
0.00684750
0.00748480
0.00663350
0.00688470
0.00660310
0.00687020
0.00669900
0.00695140
0.00739420
0.00668040
0.00686790
0.00756000
0.00665980
0.00797340
0.00737540
0.00704400
0.00673040
0.00673520
0.00676540
0.00676720
0.00702480
0.00767180
0.00664570
0.00693810
0.00736760
0.00663340
0.00659310
0.00670780
0.00678090
0.00652300
0.00661760
0.00717390
0.00651090
0.00708200
0.00782440
0.00667460
0.00683600
0.00656670
0.00670800
0.00650410
0.00666460
0.00652700
0.00687550
0.00682180
0.00781160
0.00655120
0.00712400
0.00742680
0.00679990
0.00658380
0.00684690
0.00657600
0.00686620
0.00683480
0.00759980
0.00659680
0.00703950
0.00752990
0.00683260
0.00667450
0.00660190
0.00652800
0.00649670
0.00685160
0.00752760
0.00662530
0.00679200
0.00779020
0.00828530
0.00904680
0.01215620
0.00711720
0.00729560
0.00699190
0.00664160
0.00703860
0.00731040
0.00899630
0.00691630
0.00725980
0.00791800
0.00663930
0.00655300
0.00670460
0.00709680
0.00680790
0.00774300
0.00763170
0.00711690
0.00688230
0.00751180
0.00670870
0.00674270
0.00710400
0.00663290
0.00656180
0.00657560
0.00648450
0.00653660
0.00683660
0.00770870
0.00679070
0.00823680
0.00757610
0.00672770
0.00672870
0.00661750
0.00680410
0.00671780
0.00691470
0.00735270
0.00669030
0.00725830
0.00772390
0.00667580
0.00690530
0.00681190
0.00678490
0.00695860
0.00688970
0.00733030
0.00680530
0.00720340
0.00790250
0.00686440
0.00722040
0.00808000
0.00693590
0.00681970
0.00676370
0.00681160
0.00678980
0.00715350
0.00792260
0.00698850
0.00706440
0.00798750
0.00671340
0.00714650
0.00677160
0.00715840
0.00682820
0.00725700
0.00928290
0.00699580
0.00696610
0.01052720
0.01216210
0.00673930
0.00704590
0.00675150
0.00683950
0.00674400
0.00695900
0.00701440
0.00767680
0.00778430
0.00695230
0.00781250
0.00787130
0.00898050
0.01098070
0.00994930
0.00815240
0.00986840
