1
121.67,112.31,46.73,58.57
93.67,115.31,46.73,58.57
2
0
0
0
0
1
121.30,113.90,46.27,57.89
95.30,117.90,46.27,57.89
2
0
0
0
0
1
93.83,103.46,46.96,58.12
2
0
0
0
0
1
118.20,114.59,46.27,57.66
87.20,114.59,46.27,57.66
2
0
0
0
0
1
121.55,107.89,44.90,56.07
154.55,108.89,44.90,56.07
2
0
0
0
0
1
145.97,79.88,43.77,54.92
143.97,78.88,43.77,54.92
140.97,77.88,43.77,54.92
136.97,75.88,43.77,54.92
134.97,76.88,43.77,54.92
134.97,78.88,43.77,54.92
135.97,79.88,43.77,54.92
135.97,79.88,43.77,54.92
135.97,79.88,43.77,54.92
136.97,79.88,43.77,54.92
137.97,78.88,43.77,54.92
137.97,78.88,43.77,54.92
138.97,77.88,43.77,54.92
139.97,77.88,43.77,54.92
139.97,77.88,43.77,54.92
139.97,77.88,43.77,54.92
138.97,77.88,43.77,54.92
138.97,77.88,43.77,54.92
139.97,77.88,43.77,54.92
138.97,77.88,43.77,54.92
137.97,77.88,43.77,54.92
137.97,79.88,43.77,54.92
136.97,83.88,43.77,54.92
135.97,85.88,43.77,54.92
135.97,86.88,43.77,54.92
135.97,87.88,43.77,54.92
135.97,88.88,43.77,54.92
136.97,88.88,43.77,54.92
137.97,89.88,43.77,54.92
137.97,89.88,43.77,54.92
137.97,87.88,43.77,54.92
137.97,84.88,43.77,54.92
136.97,82.88,43.77,54.92
135.97,79.88,43.77,54.92
136.97,76.88,43.77,54.92
136.97,73.88,43.77,54.92
136.97,70.88,43.77,54.92
136.97,68.88,43.77,54.92
136.97,66.88,43.77,54.92
135.97,65.88,43.77,54.92
135.97,65.88,43.77,54.92
134.97,66.88,43.77,54.92
133.97,67.88,43.77,54.92
133.97,68.88,43.77,54.92
133.97,69.88,43.77,54.92
132.97,71.88,43.77,54.92
131.97,73.88,43.77,54.92
129.97,75.88,43.77,54.92
128.97,77.88,43.77,54.92
126.97,78.88,43.77,54.92
124.97,79.88,43.77,54.92
123.97,80.88,43.77,54.92
122.97,81.88,43.77,54.92
120.97,82.88,43.77,54.92
118.97,84.88,43.77,54.92
116.97,85.88,43.77,54.92
114.97,87.88,43.77,54.92
113.97,88.88,43.77,54.92
112.97,90.88,43.77,54.92
112.97,91.88,43.77,54.92
113.97,91.88,43.77,54.92
114.97,91.88,43.77,54.92
115.97,90.88,43.77,54.92
117.97,90.88,43.77,54.92
119.97,89.88,43.77,54.92
121.97,89.88,43.77,54.92
124.97,89.88,43.77,54.92
127.97,89.88,43.77,54.92
130.97,89.88,43.77,54.92
133.97,89.88,43.77,54.92
135.97,88.88,43.77,54.92
137.97,87.88,43.77,54.92
139.97,86.88,43.77,54.92
141.97,85.88,43.77,54.92
143.97,85.88,43.77,54.92
144.97,86.88,43.77,54.92
144.97,87.88,43.77,54.92
143.97,88.88,43.77,54.92
142.97,89.88,43.77,54.92
141.97,90.88,43.77,54.92
139.97,90.88,43.77,54.92
137.97,90.88,43.77,54.92
135.97,89.88,43.77,54.92
133.97,88.88,43.77,54.92
132.97,85.88,43.77,54.92
129.97,83.88,43.77,54.92
128.97,81.88,43.77,54.92
127.97,79.88,43.77,54.92
126.97,78.88,43.77,54.92
125.97,78.88,43.77,54.92
123.97,78.88,43.77,54.92
121.97,79.88,43.77,54.92
119.97,80.88,43.77,54.92
118.97,81.88,43.77,54.92
117.97,83.88,43.77,54.92
117.97,86.88,43.77,54.92
117.97,88.88,43.77,54.92
117.97,90.88,43.77,54.92
118.97,91.88,43.77,54.92
120.97,91.88,43.77,54.92
121.97,91.88,43.77,54.92
122.97,91.88,43.77,54.92
122.97,91.88,43.77,54.92
122.97,90.88,43.77,54.92
122.97,89.88,43.77,54.92
121.97,88.88,43.77,54.92
120.97,87.88,43.77,54.92
118.97,86.88,43.77,54.92
115.97,85.88,43.77,54.92
113.97,85.88,43.77,54.92
110.97,84.88,43.77,54.92
107.97,84.88,43.77,54.92
104.97,84.88,43.77,54.92
101.97,84.88,43.77,54.92
99.97,84.88,43.77,54.92
98.97,84.88,43.77,54.92
98.97,83.88,43.77,54.92
97.97,83.88,43.77,54.92
97.97,83.88,43.77,54.92
97.97,83.88,43.77,54.92
96.97,84.88,43.77,54.92
96.97,85.88,43.77,54.92
97.97,85.88,43.77,54.92
97.97,86.88,43.77,54.92
97.97,88.88,43.77,54.92
97.97,90.88,43.77,54.92
97.97,91.88,43.77,54.92
97.97,91.88,43.77,54.92
96.97,91.88,43.77,54.92
95.97,91.88,43.77,54.92
94.97,91.88,43.77,54.92
93.97,90.88,43.77,54.92
93.97,89.88,43.77,54.92
92.97,87.88,43.77,54.92
91.97,86.88,43.77,54.92
90.97,85.88,43.77,54.92
88.97,84.88,43.77,54.92
87.97,83.88,43.77,54.92
85.97,82.88,43.77,54.92
83.97,82.88,43.77,54.92
81.97,83.88,43.77,54.92
79.97,83.88,43.77,54.92
77.97,83.88,43.77,54.92
76.97,83.88,43.77,54.92
74.97,83.88,43.77,54.92
72.97,82.88,43.77,54.92
71.97,82.88,43.77,54.92
69.97,82.88,43.77,54.92
68.97,82.88,43.77,54.92
68.97,83.88,43.77,54.92
68.97,84.88,43.77,54.92
68.97,85.88,43.77,54.92
68.97,86.88,43.77,54.92
67.97,86.88,43.77,54.92
67.97,87.88,43.77,54.92
66.97,86.88,43.77,54.92
65.97,85.88,43.77,54.92
63.97,84.88,43.77,54.92
61.97,83.88,43.77,54.92
59.97,82.88,43.77,54.92
57.97,81.88,43.77,54.92
55.97,80.88,43.77,54.92
53.97,79.88,43.77,54.92
51.97,79.88,43.77,54.92
49.97,78.88,43.77,54.92
47.97,77.88,43.77,54.92
45.97,77.88,43.77,54.92
44.97,77.88,43.77,54.92
43.97,77.88,43.77,54.92
43.97,76.88,43.77,54.92
44.97,76.88,43.77,54.92
44.97,75.88,43.77,54.92
44.97,75.88,43.77,54.92
44.97,74.88,43.77,54.92
44.97,73.88,43.77,54.92
44.97,73.88,43.77,54.92
43.97,73.88,43.77,54.92
42.97,73.88,43.77,54.92
41.97,73.88,43.77,54.92
41.97,72.88,43.77,54.92
41.97,71.88,43.77,54.92
42.97,70.88,43.77,54.92
42.97,69.88,43.77,54.92
43.97,68.88,43.77,54.92
2
0
0
0
0
1
97.37,125.01,39.89,52.65
86.37,116.01,39.89,52.65
77.37,118.01,39.89,52.65
84.37,117.01,39.89,52.65
87.37,118.01,39.89,52.65
88.37,118.01,39.89,52.65
89.37,118.01,39.89,52.65
86.37,118.01,39.89,52.65
82.37,118.01,39.89,52.65
2
0
0
0
0
1
73.20,107.83,44.44,58.57
80.20,106.83,44.44,58.57
95.20,106.83,44.44,58.57
93.20,103.83,44.44,58.57
90.20,102.83,44.44,58.57
86.20,101.83,44.44,58.57
83.20,100.83,44.44,58.57
82.20,100.83,44.44,58.57
84.20,100.83,44.44,58.57
87.20,101.83,44.44,58.57
91.20,103.83,44.44,58.57
95.20,104.83,44.44,58.57
99.20,105.83,44.44,58.57
101.20,107.83,44.44,58.57
103.20,109.83,44.44,58.57
105.20,112.83,44.44,58.57
107.20,114.83,44.44,58.57
109.20,116.83,44.44,58.57
111.20,118.83,44.44,58.57
113.20,120.83,44.44,58.57
114.20,120.83,44.44,58.57
116.20,119.83,44.44,58.57
118.20,118.83,44.44,58.57
120.20,116.83,44.44,58.57
122.20,113.83,44.44,58.57
124.20,109.83,44.44,58.57
125.20,105.83,44.44,58.57
126.20,102.83,44.44,58.57
127.20,98.83,44.44,58.57
126.20,95.83,44.44,58.57
125.20,92.83,44.44,58.57
123.20,89.83,44.44,58.57
121.20,86.83,44.44,58.57
117.20,82.83,44.44,58.57
114.20,79.83,44.44,58.57
111.20,76.83,44.44,58.57
109.20,73.83,44.44,58.57
106.20,71.83,44.44,58.57
103.20,69.83,44.44,58.57
100.20,68.83,44.44,58.57
98.20,67.83,44.44,58.57
97.20,68.83,44.44,58.57
96.20,69.83,44.44,58.57
95.20,71.83,44.44,58.57
94.20,73.83,44.44,58.57
93.20,74.83,44.44,58.57
93.20,76.83,44.44,58.57
91.20,78.83,44.44,58.57
90.20,80.83,44.44,58.57
89.20,82.83,44.44,58.57
88.20,85.83,44.44,58.57
87.20,87.83,44.44,58.57
87.20,90.83,44.44,58.57
88.20,92.83,44.44,58.57
90.20,94.83,44.44,58.57
92.20,96.83,44.44,58.57
95.20,97.83,44.44,58.57
98.20,98.83,44.44,58.57
