0.00153590
0.00225510
0.00215500
0.00214150
0.00000000
0.00000000
0.00000000
0.00000000
0.00078200
0.00088900
0.00083930
0.00083740
0.00000000
0.00000000
0.00000000
0.00000000
0.00066520
0.00093950
0.00084660
0.00000000
0.00000000
0.00000000
0.00000000
0.00067380
0.00089250
0.00086310
0.00091230
0.00000000
0.00000000
0.00000000
0.00000000
0.00134420
0.00175990
0.00184560
0.00174780
0.00000000
0.00000000
0.00000000
0.00000000
0.00070390
0.00089370
0.00088280
0.00087950
0.00092680
0.00089340
0.00088810
0.00089500
0.00087400
0.00087750
0.00091520
0.00089320
0.00087870
0.00088070
0.00088540
0.00087410
0.00132760
0.00088400
0.00087910
0.00091510
0.00089480
0.00090070
0.00087680
0.00087560
0.00088260
0.00088070
0.00087680
0.00090230
0.00099730
0.00104010
0.00095710
0.00089810
0.00087560
0.00087530
0.00088820
0.00091420
0.00090210
0.00089150
0.00088460
0.00087710
0.00089880
0.00087940
0.00088520
0.00089040
0.00087550
0.00086620
0.00089600
0.00089730
0.00088090
0.00090860
0.00089880
0.00089320
0.00087890
0.00089710
0.00087340
0.00087240
0.00088160
0.00088180
0.00088260
0.00087160
0.00086910
0.00087540
0.00087110
0.00088180
0.00088460
0.00087640
0.00088910
0.00088270
0.00087320
0.00089700
0.00089800
0.00089990
0.00098010
0.00089870
0.00087300
0.00087610
0.00087260
0.00088020
0.00089380
0.00087490
0.00088110
0.00089340
0.00088350
0.00088390
0.00088110
0.00087390
0.00093700
0.00090190
0.00089360
0.00087320
0.00087330
0.00088240
0.00087330
0.00088290
0.00091130
0.00089610
0.00086560
0.00087510
0.00088220
0.00088040
0.00090360
0.00092180
0.00089330
0.00089740
0.00125140
0.00138490
0.00144550
0.00139870
0.00137410
0.00132230
0.00092580
0.00091250
0.00089490
0.00093400
0.00089460
0.00089060
0.00088030
0.00087770
0.00094740
0.00088930
0.00127730
0.00087120
0.00089150
0.00089070
0.00087400
0.00087160
0.00114570
0.00116790
0.00086480
0.00085840
0.00085860
0.00087540
0.00088620
0.00087460
0.00086130
0.00091620
0.00089700
0.00087110
0.00086320
0.00087570
0.00085990
0.00085410
0.00085510
0.00085360
0.00087330
0.00087180
0.00085590
0.00085740
0.00088400
0.00085510
0.00086590
0.00086570
0.00087810
0.00087060
0.00085890
0.00085540
0.00086590
0.00086130
0.00085470
0.00086650
0.00085960
0.00086370
0.00090300
0.00087920
0.00087080
0.00085720
0.00085910
0.00085560
0.00086530
0.00087840
0.00089330
0.00088340
0.00086700
0.00086130
0.00089730
0.00087350
0.00085610
0.00085470
0.00085760
0.00086860
0.00086510
0.00087030
0.00086090
0.00086530
0.00087070
0.00087380
0.00000000
0.00000000
0.00000000
0.00000000
0.00044730
0.00048500
0.00048730
0.00048120
0.00051020
0.00048800
0.00047830
0.00048540
0.00049270
0.00048390
0.00048720
0.00000000
0.00000000
0.00000000
0.00000000
0.00147360
0.00205760
0.00205320
0.00205240
0.00204790
0.00206130
0.00205980
0.00206900
0.00207400
0.00205180
0.00204750
0.00204800
0.00205930
0.00206810
0.00204270
0.00204590
0.00204600
0.00205160
0.00204860
0.00210720
0.00204950
0.00203130
0.00204860
0.00203970
0.00214760
0.00207040
0.00203770
0.00205180
0.00205690
0.00207430
0.00206770
0.00205000
0.00205930
0.00205600
0.00206810
0.00206990
0.00205050
0.00203740
0.00206280
0.00205830
0.00204030
0.00209970
0.00207670
0.00204740
0.00204590
0.00204650
0.00208950
0.00206780
0.00203840
0.00204410
0.00205610
0.00209480
0.00214320
0.00210690
0.00206130
0.00206480
0.00204180
0.00207890
0.00205690
