0.00119560
0.00156760
0.00166550
0.00157850
0.00153740
0.00158310
0.00156300
0.00154170
0.00153640
0.00153450
0.00152990
0.00156130
0.00156970
0.00155220
0.00152250
0.00152360
0.00153430
0.00153360
0.00000000
0.00000000
0.00000000
0.00000000
0.00112090
0.00155180
0.00153920
0.00153910
0.00152170
0.00153150
0.00153500
0.00158440
0.00153880
0.00000000
0.00000000
0.00000000
0.00000000
0.00095860
0.00126750
0.00127300
0.00128660
0.00135790
0.00134030
0.00000000
0.00000000
0.00000000
0.00000000
0.00053360
0.00061850
0.00062260
0.00061310
0.00060950
0.00000000
0.00000000
0.00000000
0.00000000
0.00110260
0.00157370
0.00154810
0.00152830
0.00153750
0.00153390
0.00152680
0.00155900
0.00155650
0.00152840
0.00000000
0.00000000
0.00000000
0.00000000
0.00055080
0.00068220
0.00067480
0.00066940
0.00075560
0.00070740
0.00068210
0.00066430
0.00065720
0.00066300
0.00066600
0.00066670
0.00067640
0.00068590
0.00000000
0.00000000
0.00000000
0.00000000
0.00112850
0.00153480
0.00151530
0.00150780
0.00152480
0.00155790
0.00153160
0.00152450
0.00152560
0.00152530
0.00151850
0.00151960
0.00153140
0.00151150
0.00152100
0.00152310
0.00152150
0.00152510
0.00155000
0.00153250
0.00153080
0.00153350
0.00153420
0.00155740
0.00152370
0.00152590
0.00153000
0.00151470
0.00158070
0.00146490
0.00146730
0.00145690
0.00145610
0.00146550
0.00149000
0.00149260
0.00150500
0.00145400
0.00146040
0.00145670
0.00152240
0.00152590
0.00148370
0.00146690
0.00145180
0.00146760
0.00165320
0.00151640
0.00000000
0.00000000
0.00000000
0.00000000
0.00094300
0.00125630
0.00121540
0.00121760
0.00121630
0.00121490
0.00127970
0.00120470
0.00122390
0.00121500
0.00121470
0.00134740
0.00133670
0.00121140
0.00120350
0.00121660
0.00121350
0.00120770
0.00127730
0.00000000
0.00000000
0.00000000
0.00000000
0.00090620
0.00123050
0.00121640
0.00121600
0.00121190
0.00121260
0.00124340
0.00126250
0.00121290
0.00121190
0.00121230
0.00121740
0.00121970
0.00120140
0.00122190
0.00121150
0.00120930
0.00121230
0.00120940
0.00120070
0.00128510
0.00120140
0.00121530
0.00121090
0.00121190
0.00121070
0.00140410
0.00000000
0.00000000
0.00000000
0.00000000
0.00117410
0.00151880
0.00153100
0.00149160
0.00175520
0.00154770
0.00157600
0.00153590
0.00146760
0.00148290
0.00162770
0.00155080
0.00151380
0.00148970
0.00153800
0.00154430
0.00153190
0.00153330
0.00152900
0.00153520
0.00153140
0.00160450
0.00156250
0.00154570
0.00153790
0.00153940
0.00152910
0.00154040
0.00154180
0.00154060
0.00152190
0.00153680
0.00157200
0.00152550
0.00153360
0.00153630
0.00153240
0.00152620
0.00154780
0.00153840
0.00152880
0.00152270
0.00153440
0.00000000
0.00000000
0.00000000
0.00000000
0.00055090
0.00062520
0.00062230
0.00061940
0.00061030
0.00061610
0.00063740
0.00062750
0.00062090
0.00061200
0.00062890
0.00059000
0.00059170
0.00059760
0.00060240
0.00058600
0.00058900
0.00059220
0.00058700
0.00058860
0.00059020
0.00060140
0.00059300
0.00058540
0.00062970
