1
172.00,85.00,49.00,50.00
171.00,85.00,49.00,50.00
170.00,84.00,49.00,50.00
169.00,84.00,49.00,50.00
169.00,84.00,49.00,50.00
169.00,84.00,49.00,50.00
168.00,84.00,49.00,50.00
167.00,83.00,49.00,50.00
165.00,82.00,49.00,50.00
164.00,81.00,49.00,50.00
163.00,80.00,49.00,50.00
164.00,77.00,49.00,50.00
182.00,74.00,49.00,50.00
186.00,72.00,49.00,50.00
186.00,71.00,49.00,50.00
186.00,71.00,49.00,50.00
2
0
0
0
0
1
119.00,65.00,51.00,51.00
129.00,78.00,51.00,51.00
140.00,95.00,51.00,51.00
136.00,100.00,51.00,51.00
137.00,100.00,51.00,51.00
137.00,100.00,51.00,51.00
137.00,100.00,51.00,51.00
2
0
0
0
0
1
78.00,69.00,42.00,49.00
72.00,59.00,42.00,49.00
59.00,60.00,42.00,49.00
56.00,59.00,42.00,49.00
2
0
0
0
0
1
86.00,98.00,43.00,48.00
88.00,95.00,43.00,48.00
70.00,81.00,43.00,48.00
2
0
0
0
0
1
113.00,97.00,50.00,49.00
111.00,94.00,50.00,49.00
111.00,93.00,50.00,49.00
111.00,93.00,50.00,49.00
111.00,94.00,50.00,49.00
111.00,95.00,50.00,49.00
112.00,96.00,50.00,49.00
112.00,96.00,50.00,49.00
2
0
0
0
0
1
186.00,92.00,52.00,52.00
191.00,88.00,52.00,52.00
177.00,82.00,52.00,52.00
163.00,84.00,52.00,52.00
161.00,85.00,52.00,52.00
161.00,86.00,52.00,52.00
161.00,86.00,52.00,52.00
161.00,86.00,52.00,52.00
161.00,86.00,52.00,52.00
161.00,86.00,52.00,52.00
161.00,86.00,52.00,52.00
162.00,86.00,52.00,52.00
2
0
0
0
0
1
201.00,145.00,51.00,51.00
202.00,144.00,51.00,51.00
201.00,144.00,51.00,51.00
199.00,144.00,51.00,51.00
195.00,143.00,51.00,51.00
193.00,142.00,51.00,51.00
192.00,141.00,51.00,51.00
191.00,140.00,51.00,51.00
189.00,140.00,51.00,51.00
187.00,139.00,51.00,51.00
191.00,141.00,51.00,51.00
190.00,141.00,51.00,51.00
190.00,141.00,51.00,51.00
189.00,140.00,51.00,51.00
188.00,139.00,51.00,51.00
187.00,137.00,51.00,51.00
187.00,137.00,51.00,51.00
186.00,123.00,51.00,51.00
187.00,122.00,51.00,51.00
187.00,121.00,51.00,51.00
187.00,119.00,51.00,51.00
186.00,118.00,51.00,51.00
185.00,118.00,51.00,51.00
184.00,118.00,51.00,51.00
183.00,119.00,51.00,51.00
183.00,119.00,51.00,51.00
183.00,119.00,51.00,51.00
183.00,120.00,51.00,51.00
184.00,120.00,51.00,51.00
184.00,121.00,51.00,51.00
184.00,121.00,51.00,51.00
184.00,121.00,51.00,51.00
185.00,121.00,51.00,51.00
185.00,121.00,51.00,51.00
185.00,121.00,51.00,51.00
185.00,121.00,51.00,51.00
185.00,121.00,51.00,51.00
185.00,121.00,51.00,51.00
185.00,121.00,51.00,51.00
186.00,121.00,51.00,51.00
186.00,120.00,51.00,51.00
187.00,120.00,51.00,51.00
187.00,121.00,51.00,51.00
187.00,120.00,51.00,51.00
186.00,120.00,51.00,51.00
185.00,121.00,51.00,51.00
2
0
0
0
0
1
189.00,59.00,38.00,49.00
193.00,60.00,38.00,49.00
196.00,59.00,38.00,49.00
195.00,57.00,38.00,49.00
194.00,57.00,38.00,49.00
195.00,57.00,38.00,49.00
196.00,57.00,38.00,49.00
196.00,57.00,38.00,49.00
195.00,57.00,38.00,49.00
194.00,58.00,38.00,49.00
194.00,60.00,38.00,49.00
194.00,60.00,38.00,49.00
198.00,59.00,38.00,49.00
197.00,57.00,38.00,49.00
195.00,56.00,38.00,49.00
194.00,56.00,38.00,49.00
203.00,57.00,38.00,49.00
2
0
0
0
0
1
160.00,65.00,35.00,49.00
160.00,66.00,35.00,49.00
162.00,67.00,35.00,49.00
164.00,69.00,35.00,49.00
166.00,72.00,35.00,49.00
168.00,74.00,35.00,49.00
170.00,75.00,35.00,49.00
172.00,77.00,35.00,49.00
173.00,79.00,35.00,49.00
173.00,80.00,35.00,49.00
173.00,80.00,35.00,49.00
172.00,79.00,35.00,49.00
171.00,77.00,35.00,49.00
171.00,75.00,35.00,49.00
155.00,102.00,35.00,49.00
154.00,105.00,35.00,49.00
153.00,106.00,35.00,49.00
150.00,105.00,35.00,49.00
134.00,100.00,35.00,49.00
130.00,100.00,35.00,49.00
131.00,101.00,35.00,49.00
133.00,101.00,35.00,49.00
132.00,101.00,35.00,49.00
129.00,101.00,35.00,49.00
127.00,103.00,35.00,49.00
2
0
0
0
0
1
31.00,68.00,45.00,51.00
29.00,73.00,45.00,51.00
27.00,77.00,45.00,51.00
26.00,80.00,45.00,51.00
27.00,83.00,45.00,51.00
30.00,85.00,45.00,51.00
33.00,87.00,45.00,51.00
36.00,90.00,45.00,51.00
41.00,94.00,45.00,51.00
44.00,99.00,45.00,51.00
47.00,104.00,45.00,51.00
50.00,109.00,45.00,51.00
52.00,115.00,45.00,51.00
55.00,121.00,45.00,51.00
57.00,129.00,45.00,51.00
60.00,134.00,45.00,51.00
63.00,138.00,45.00,51.00
67.00,141.00,45.00,51.00
69.00,143.00,45.00,51.00
72.00,145.00,45.00,51.00
76.00,147.00,45.00,51.00
80.00,148.00,45.00,51.00
84.00,149.00,45.00,51.00
87.00,150.00,45.00,51.00
85.00,157.00,45.00,51.00
87.00,161.00,45.00,51.00
89.00,165.00,45.00,51.00
92.00,168.00,45.00,51.00
95.00,170.00,45.00,51.00
102.00,175.00,45.00,51.00
106.00,179.00,45.00,51.00
111.00,183.00,45.00,51.00
116.00,184.00,45.00,51.00
122.00,185.00,45.00,51.00
127.00,184.00,45.00,51.00
131.00,183.00,45.00,51.00
132.00,186.00,45.00,51.00
129.00,196.00,45.00,51.00
126.00,204.00,45.00,51.00
126.00,207.00,45.00,51.00
126.00,210.00,45.00,51.00
2
0
0
0
0
1
176.00,147.00,47.00,45.00
176.00,145.00,47.00,45.00
176.00,143.00,47.00,45.00
176.00,141.00,47.00,45.00
176.00,140.00,47.00,45.00
176.00,139.00,47.00,45.00
176.00,137.00,47.00,45.00
176.00,133.00,47.00,45.00
176.00,129.00,47.00,45.00
175.00,126.00,47.00,45.00
173.00,122.00,47.00,45.00
173.00,118.00,47.00,45.00
173.00,114.00,47.00,45.00
172.00,113.00,47.00,45.00
172.00,140.00,47.00,45.00
175.00,138.00,47.00,45.00
177.00,137.00,47.00,45.00
178.00,136.00,47.00,45.00
178.00,136.00,47.00,45.00
178.00,136.00,47.00,45.00
178.00,136.00,47.00,45.00
177.00,136.00,47.00,45.00
177.00,136.00,47.00,45.00
177.00,136.00,47.00,45.00
