1
336.00,165.00,25.00,60.00
336.00,162.00,25.00,60.00
336.00,163.00,25.00,60.00
326.00,163.00,25.00,60.00
316.00,163.00,25.00,60.00
325.00,167.00,25.00,60.00
2
0
0
0
0
1
329.00,161.00,25.00,60.00
328.00,161.00,25.00,60.00
2
0
0
0
0
1
328.00,158.00,25.00,60.00
2
0
0
0
0
1
330.00,152.00,25.00,60.00
331.00,152.00,25.00,60.00
332.00,152.00,25.00,60.00
335.00,152.00,25.00,60.00
336.00,152.00,25.00,60.00
334.00,151.00,25.00,60.00
333.00,150.00,25.00,60.00
333.00,150.00,25.00,60.00
332.00,152.00,25.00,60.00
333.00,152.00,25.00,60.00
334.00,151.00,25.00,60.00
337.00,150.00,25.00,60.00
336.00,148.00,25.00,60.00
2
0
0
0
0
1
333.00,151.00,25.00,60.00
333.00,152.00,25.00,60.00
2
0
0
0
0
1
338.00,150.00,25.00,60.00
338.00,150.00,25.00,60.00
338.00,150.00,25.00,60.00
336.00,154.00,25.00,60.00
2
0
0
0
0
1
331.00,148.00,25.00,60.00
330.00,148.00,25.00,60.00
327.00,148.00,25.00,60.00
322.00,147.00,25.00,60.00
320.00,147.00,25.00,60.00
2
0
0
0
0
1
325.00,150.00,25.00,60.00
324.00,150.00,25.00,60.00
324.00,150.00,25.00,60.00
323.00,150.00,25.00,60.00
323.00,150.00,25.00,60.00
325.00,151.00,25.00,60.00
2
0
0
0
0
1
327.00,152.00,25.00,60.00
329.00,153.00,25.00,60.00
329.00,156.00,25.00,60.00
330.00,153.00,25.00,60.00
333.00,153.00,25.00,60.00
333.00,153.00,25.00,60.00
2
0
0
0
0
1
338.00,150.00,25.00,60.00
339.00,150.00,25.00,60.00
2
0
0
0
0
1
346.00,154.00,25.00,60.00
348.00,155.00,25.00,60.00
350.00,156.00,25.00,60.00
351.00,156.00,25.00,60.00
376.00,144.00,25.00,60.00
367.00,160.00,25.00,60.00
381.00,145.00,25.00,60.00
2
0
0
0
0
1
369.00,156.00,25.00,60.00
2
0
0
0
0
1
374.00,159.00,25.00,60.00
374.00,159.00,25.00,60.00
377.00,161.00,25.00,60.00
378.00,161.00,25.00,60.00
379.00,165.00,25.00,60.00
382.00,166.00,25.00,60.00
384.00,163.00,25.00,60.00
388.00,164.00,25.00,60.00
390.00,165.00,25.00,60.00
390.00,165.00,25.00,60.00
391.00,166.00,25.00,60.00
392.00,166.00,25.00,60.00
394.00,165.00,25.00,60.00
394.00,167.00,25.00,60.00
396.00,168.00,25.00,60.00
397.00,174.00,25.00,60.00
398.00,172.00,25.00,60.00
406.00,172.00,25.00,60.00
409.00,169.00,25.00,60.00
410.00,170.00,25.00,60.00
411.00,173.00,25.00,60.00
413.00,172.00,25.00,60.00
414.00,171.00,25.00,60.00
415.00,171.00,25.00,60.00
417.00,171.00,25.00,60.00
415.00,174.00,25.00,60.00
422.00,162.00,25.00,60.00
2
0
0
0
0
1
414.00,169.00,25.00,60.00
415.00,170.00,25.00,60.00
416.00,171.00,25.00,60.00
419.00,171.00,25.00,60.00
2
0
0
0
0
1
454.00,173.00,25.00,60.00
456.00,172.00,25.00,60.00
460.00,172.00,25.00,60.00
462.00,171.00,25.00,60.00
465.00,170.00,25.00,60.00
476.00,169.00,25.00,60.00
469.00,166.00,25.00,60.00
469.00,165.00,25.00,60.00
470.00,164.00,25.00,60.00
470.00,163.00,25.00,60.00
470.00,163.00,25.00,60.00
470.00,164.00,25.00,60.00
471.00,165.00,25.00,60.00
471.00,166.00,25.00,60.00
473.00,168.00,25.00,60.00
476.00,169.00,25.00,60.00
471.00,172.00,25.00,60.00
2
0
0
0
0
1
461.00,171.00,25.00,60.00
458.00,171.00,25.00,60.00
457.00,170.00,25.00,60.00
456.00,170.00,25.00,60.00
456.00,170.00,25.00,60.00
457.00,169.00,25.00,60.00
459.00,168.00,25.00,60.00
456.00,167.00,25.00,60.00
454.00,176.00,25.00,60.00
459.00,165.00,25.00,60.00
458.00,164.00,25.00,60.00
458.00,162.00,25.00,60.00
457.00,163.00,25.00,60.00
455.00,164.00,25.00,60.00
456.00,160.00,25.00,60.00
456.00,162.00,25.00,60.00
452.00,156.00,25.00,60.00
453.00,157.00,25.00,60.00
450.00,159.00,25.00,60.00
450.00,163.00,25.00,60.00
454.00,161.00,25.00,60.00
452.00,160.00,25.00,60.00
452.00,156.00,25.00,60.00
452.00,155.00,25.00,60.00
452.00,155.00,25.00,60.00
2
0
0
0
0
1
2
0
0
0
0
1
454.00,145.00,25.00,60.00
457.00,144.00,25.00,60.00
2
0
0
0
0
1
496.00,140.00,25.00,60.00
503.00,138.00,25.00,60.00
505.00,137.00,25.00,60.00
512.00,135.00,25.00,60.00
521.00,132.00,25.00,60.00
527.00,130.00,25.00,60.00
529.00,132.00,25.00,60.00
533.00,128.00,25.00,60.00
536.00,127.00,25.00,60.00
536.00,127.00,25.00,60.00
536.00,126.00,25.00,60.00
535.00,125.00,25.00,60.00
535.00,123.00,25.00,60.00
533.00,122.00,25.00,60.00
531.00,120.00,25.00,60.00
529.00,122.00,25.00,60.00
527.00,123.00,25.00,60.00
525.00,124.00,25.00,60.00
523.00,123.00,25.00,60.00
521.00,122.00,25.00,60.00
519.00,122.00,25.00,60.00
518.00,122.00,25.00,60.00
515.00,123.00,25.00,60.00
511.00,121.00,25.00,60.00
509.00,118.00,25.00,60.00
508.00,117.00,25.00,60.00
505.00,115.00,25.00,60.00
502.00,116.00,25.00,60.00
500.00,116.00,25.00,60.00
499.00,116.00,25.00,60.00
499.00,114.00,25.00,60.00
496.00,109.00,25.00,60.00
494.00,106.00,25.00,60.00
493.00,105.00,25.00,60.00
490.00,103.00,25.00,60.00
487.00,102.00,25.00,60.00
485.00,99.00,25.00,60.00
485.00,97.00,25.00,60.00
485.00,94.00,25.00,60.00
485.00,94.00,25.00,60.00
485.00,94.00,25.00,60.00
487.00,95.00,25.00,60.00
487.00,94.00,25.00,60.00
488.00,92.00,25.00,60.00
489.00,90.00,25.00,60.00
489.00,90.00,25.00,60.00
490.00,90.00,25.00,60.00
491.00,91.00,25.00,60.00
491.00,90.00,25.00,60.00
491.00,88.00,25.00,60.00
493.00,85.00,25.00,60.00
493.00,85.00,25.00,60.00
493.00,84.00,25.00,60.00
493.00,86.00,25.00,60.00
493.00,87.00,25.00,60.00
493.00,87.00,25.00,60.00
492.00,87.00,25.00,60.00
491.00,87.00,25.00,60.00
489.00,87.00,25.00,60.00
487.00,88.00,25.00,60.00
483.00,89.00,25.00,60.00
479.00,89.00,25.00,60.00
474.00,88.00,25.00,60.00
469.00,86.00,25.00,60.00
466.00,88.00,25.00,60.00
462.00,89.00,25.00,60.00
459.00,91.00,25.00,60.00
455.00,93.00,25.00,60.00
452.00,94.00,25.00,60.00
446.00,94.00,25.00,60.00
443.00,94.00,25.00,60.00
442.00,94.00,25.00,60.00
441.00,96.00,25.00,60.00
437.00,98.00,25.00,60.00
436.00,96.00,25.00,60.00
434.00,97.00,25.00,60.00
431.00,97.00,25.00,60.00
432.00,95.00,25.00,60.00
431.00,96.00,25.00,60.00
431.00,96.00,25.00,60.00
431.00,98.00,25.00,60.00
433.00,98.00,25.00,60.00
433.00,97.00,25.00,60.00
432.00,96.00,25.00,60.00
432.00,97.00,25.00,60.00
432.00,98.00,25.00,60.00
429.00,96.00,25.00,60.00
427.00,95.00,25.00,60.00
426.00,94.00,25.00,60.00
425.00,93.00,25.00,60.00
423.00,94.00,25.00,60.00
422.00,95.00,25.00,60.00
418.00,94.00,25.00,60.00
415.00,92.00,25.00,60.00
415.00,92.00,25.00,60.00
411.00,94.00,25.00,60.00
410.00,95.00,25.00,60.00
409.00,94.00,25.00,60.00
2
0
0
0
0
1
392.00,90.00,25.00,60.00
387.00,91.00,25.00,60.00
381.00,91.00,25.00,60.00
377.00,90.00,25.00,60.00
371.00,90.00,25.00,60.00
371.00,90.00,25.00,60.00
371.00,90.00,25.00,60.00
