0.00001890
0.00083300
0.00081310
0.00074260
0.00080160
0.00073750
0.00079520
0.00072940
0.00000000
0.00000000
0.00000000
0.00000000
0.00005060
0.00077440
0.00083330
0.00075810
0.00000000
0.00000000
0.00000000
0.00000000
0.00006240
0.00072070
0.00072750
0.00000000
0.00000000
0.00000000
0.00000000
0.00005670
0.00081350
0.00090360
0.00088350
0.00088050
0.00083880
0.00081260
0.00079730
0.00080100
0.00085240
0.00082160
0.00083140
0.00083340
0.00084800
0.00083370
0.00000000
0.00000000
0.00000000
0.00000000
0.00005710
0.00075340
0.00073230
0.00078140
0.00000000
0.00000000
0.00000000
0.00000000
0.00005350
0.00076320
0.00075350
0.00083200
0.00074360
0.00075450
0.00000000
0.00000000
0.00000000
0.00000000
0.00004960
0.00081120
0.00082150
0.00072710
0.00080210
0.00073030
0.00080870
0.00000000
0.00000000
0.00000000
0.00000000
0.00004510
0.00076790
0.00073410
0.00074070
0.00083120
0.00082850
0.00069610
0.00079170
0.00000000
0.00000000
0.00000000
0.00000000
0.00003820
0.00069560
0.00073910
0.00076840
0.00074300
0.00067310
0.00078440
0.00066740
0.00000000
0.00000000
0.00000000
0.00000000
0.00005530
0.00070990
0.00074470
0.00074940
0.00000000
0.00000000
0.00000000
0.00000000
0.00004780
0.00066800
0.00067690
0.00069980
0.00066660
0.00067690
0.00070140
0.00066990
0.00066620
0.00000000
0.00000000
0.00000000
0.00000000
0.00004620
0.00067990
0.00076390
0.00000000
0.00000000
0.00000000
0.00000000
0.00005290
0.00068100
0.00070240
0.00078070
0.00076500
0.00066540
0.00081380
0.00069120
0.00074070
0.00094530
0.00066520
0.00075680
0.00061020
0.00074560
0.00074420
0.00069270
0.00067800
0.00070880
0.00075710
0.00073180
0.00069670
0.00069780
0.00062320
0.00076590
0.00077270
0.00075190
0.00070580
0.00073430
0.00080600
0.00000000
0.00000000
0.00000000
0.00000000
0.00006880
0.00065720
0.00076540
0.00070920
0.00069740
0.00072390
0.00000000
0.00000000
0.00000000
0.00000000
0.00007460
0.00060420
0.00062260
0.00080470
0.00069490
0.00060680
0.00073170
0.00074470
0.00070650
0.00067300
0.00079010
0.00073740
0.00074950
0.00066970
0.00067500
0.00058490
0.00074410
0.00074340
0.00067870
0.00000000
0.00000000
0.00000000
0.00000000
0.00004910
0.00061310
0.00068700
0.00067420
0.00060140
0.00106620
0.00078200
0.00070270
0.00074730
0.00072850
0.00063070
0.00081420
0.00073590
0.00070780
0.00075050
0.00073220
0.00060090
0.00074600
0.00073520
0.00061220
0.00074380
0.00076680
0.00069870
0.00076390
0.00075290
0.00072270
0.00089840
0.00000000
0.00000000
0.00000000
0.00000000
0.00005040
0.00071690
0.00000000
0.00000000
0.00000000
0.00000000
0.00005430
0.00071890
0.00077580
0.00079010
0.00000000
0.00000000
0.00000000
0.00000000
0.00005260
0.00062100
0.00064020
0.00082430
0.00090710
0.00069270
0.00083180
0.00072090
0.00084840
0.00079730
0.00071100
0.00076810
0.00066080
0.00084510
0.00079080
0.00069370
0.00071290
0.00069480
0.00081710
0.00079760
0.00070910
0.00070960
0.00061820
0.00080200
0.00079320
0.00069220
0.00070350
0.00062620
0.00080930
0.00080330
0.00070030
0.00070700
0.00062650
0.00080900
0.00077640
0.00065630
0.00067120
0.00060750
0.00075820
0.00074940
0.00066270
0.00074740
0.00070960
0.00077270
0.00075660
0.00066740
0.00067070
0.00061470
0.00072390
0.00070420
0.00069770
0.00069450
0.00067350
0.00083600
0.00075220
0.00068790
0.00067210
0.00067040
0.00073450
0.00072410
0.00068260
0.00072240
0.00070950
0.00074120
0.00072900
0.00091420
0.00070230
0.00064280
0.00083670
0.00090690
0.00084120
0.00088990
0.00076840
0.00088780
0.00100870
0.00119970
0.00145460
0.00068940
0.00091430
0.00079460
0.00070810
0.00072090
0.00066960
0.00074150
0.00076620
0.00069200
0.00069690
0.00074340
0.00079330
0.00085100
0.00070910
0.00069660
0.00062810
0.00077860
0.00074550
0.00079770
0.00071060
0.00066360
0.00078110
0.00076720
0.00000000
0.00000000
0.00000000
0.00000000
0.00006820
0.00064930
0.00076200
0.00066190
0.00121150
0.00121500
0.00081690
0.00066970
