1
79.00,93.00,37.00,51.00
83.00,93.00,37.00,51.00
87.00,95.00,37.00,51.00
91.00,100.00,37.00,51.00
103.00,95.00,37.00,51.00
106.00,99.00,37.00,51.00
114.00,97.00,37.00,51.00
120.00,93.00,37.00,51.00
123.00,94.00,37.00,51.00
129.00,99.00,37.00,51.00
135.00,94.00,37.00,51.00
140.00,96.00,37.00,51.00
147.00,97.00,37.00,51.00
154.00,98.00,37.00,51.00
160.00,99.00,37.00,51.00
166.00,98.00,37.00,51.00
172.00,97.00,37.00,51.00
178.00,96.00,37.00,51.00
183.00,96.00,37.00,51.00
188.00,96.00,37.00,51.00
192.00,97.00,37.00,51.00
194.00,98.00,37.00,51.00
194.00,97.00,37.00,51.00
193.00,96.00,37.00,51.00
192.00,96.00,37.00,51.00
188.00,95.00,37.00,51.00
184.00,95.00,37.00,51.00
177.00,94.00,37.00,51.00
171.00,94.00,37.00,51.00
163.00,94.00,37.00,51.00
154.00,96.00,37.00,51.00
143.00,97.00,37.00,51.00
132.00,98.00,37.00,51.00
121.00,100.00,37.00,51.00
112.00,100.00,37.00,51.00
105.00,98.00,37.00,51.00
101.00,96.00,37.00,51.00
98.00,95.00,37.00,51.00
97.00,95.00,37.00,51.00
97.00,96.00,37.00,51.00
99.00,97.00,37.00,51.00
103.00,97.00,37.00,51.00
108.00,97.00,37.00,51.00
115.00,97.00,37.00,51.00
122.00,97.00,37.00,51.00
130.00,98.00,37.00,51.00
138.00,99.00,37.00,51.00
147.00,99.00,37.00,51.00
2
0
0
0
0
1
197.00,110.00,34.00,52.00
193.00,117.00,34.00,52.00
176.00,119.00,34.00,52.00
166.00,119.00,34.00,52.00
155.00,118.00,34.00,52.00
140.00,117.00,34.00,52.00
127.00,116.00,34.00,52.00
112.00,118.00,34.00,52.00
106.00,121.00,34.00,52.00
94.00,121.00,34.00,52.00
88.00,125.00,34.00,52.00
81.00,127.00,34.00,52.00
76.00,129.00,34.00,52.00
74.00,132.00,34.00,52.00
72.00,133.00,34.00,52.00
51.00,132.00,34.00,52.00
49.00,133.00,34.00,52.00
49.00,134.00,34.00,52.00
49.00,134.00,34.00,52.00
49.00,135.00,34.00,52.00
2
0
0
0
0
1
130.00,93.00,34.00,54.00
131.00,93.00,34.00,54.00
2
0
0
0
0
1
205.00,113.00,36.00,54.00
204.00,111.00,36.00,54.00
202.00,110.00,36.00,54.00
198.00,110.00,36.00,54.00
194.00,112.00,36.00,54.00
188.00,115.00,36.00,54.00
180.00,119.00,36.00,54.00
172.00,119.00,36.00,54.00
159.00,119.00,36.00,54.00
146.00,113.00,36.00,54.00
130.00,107.00,36.00,54.00
112.00,106.00,36.00,54.00
100.00,119.00,36.00,54.00
87.00,125.00,36.00,54.00
77.00,127.00,36.00,54.00
68.00,128.00,36.00,54.00
62.00,127.00,36.00,54.00
55.00,128.00,36.00,54.00
48.00,129.00,36.00,54.00
40.00,130.00,36.00,54.00
33.00,132.00,36.00,54.00
23.00,131.00,36.00,54.00
16.00,124.00,36.00,54.00
19.00,126.00,36.00,54.00
16.00,125.00,36.00,54.00
3.00,122.00,36.00,54.00
1.00,120.00,36.00,54.00
-14.00,107.00,36.00,54.00
2
0
0
0
0
1
25.00,126.00,38.00,55.00
30.00,127.00,38.00,55.00
35.00,127.00,38.00,55.00
39.00,128.00,38.00,55.00
45.00,127.00,38.00,55.00
51.00,127.00,38.00,55.00
57.00,127.00,38.00,55.00
61.00,125.00,38.00,55.00
66.00,125.00,38.00,55.00
79.00,113.00,38.00,55.00
82.00,109.00,38.00,55.00
81.00,106.00,38.00,55.00
88.00,95.00,38.00,55.00
94.00,84.00,38.00,55.00
90.00,86.00,38.00,55.00
85.00,86.00,38.00,55.00
79.00,87.00,38.00,55.00
74.00,86.00,38.00,55.00
70.00,85.00,38.00,55.00
67.00,84.00,38.00,55.00
68.00,82.00,38.00,55.00
69.00,81.00,38.00,55.00
71.00,81.00,38.00,55.00
74.00,82.00,38.00,55.00
80.00,83.00,38.00,55.00
86.00,85.00,38.00,55.00
94.00,87.00,38.00,55.00
102.00,87.00,38.00,55.00
111.00,85.00,38.00,55.00
120.00,83.00,38.00,55.00
125.00,82.00,38.00,55.00
131.00,80.00,38.00,55.00
134.00,80.00,38.00,55.00
133.00,80.00,38.00,55.00
131.00,80.00,38.00,55.00
128.00,81.00,38.00,55.00
123.00,82.00,38.00,55.00
119.00,82.00,38.00,55.00
115.00,80.00,38.00,55.00
113.00,78.00,38.00,55.00
114.00,77.00,38.00,55.00
117.00,77.00,38.00,55.00
121.00,79.00,38.00,55.00
127.00,79.00,38.00,55.00
135.00,79.00,38.00,55.00
142.00,79.00,38.00,55.00
150.00,77.00,38.00,55.00
157.00,76.00,38.00,55.00
161.00,76.00,38.00,55.00
