0.00159640
0.00182530
0.00168410
0.00162360
0.00170330
0.00155230
0.00154090
0.00181990
0.00159450
0.00157790
0.00159280
0.00156160
0.00155020
0.00157010
0.00159070
0.00157590
0.00155700
0.00154630
0.00154250
0.00157070
0.00162240
0.00159220
0.00157990
0.00154780
0.00172490
0.00157120
0.00156810
0.00156010
0.00155720
0.00155690
0.00161270
0.00157290
0.00156840
0.00156080
0.00156220
0.00156120
0.00157220
0.00154900
0.00155700
0.00155460
0.00154820
0.00157540
0.00157660
0.00154870
0.00155840
0.00157600
0.00155900
0.00156950
0.00154670
0.00155840
0.00000000
0.00000000
0.00000000
0.00000000
0.00057620
0.00070760
0.00069590
0.00069180
0.00068640
0.00071820
0.00070480
0.00068890
0.00069560
0.00071300
0.00069250
0.00069890
0.00069800
0.00070660
0.00071120
0.00070320
0.00070050
0.00069570
0.00069420
0.00070170
0.00069780
0.00072740
0.00000000
0.00000000
0.00000000
0.00000000
0.00058250
0.00071690
0.00070090
0.00070420
0.00000000
0.00000000
0.00000000
0.00000000
0.00054890
0.00070140
0.00070620
0.00069900
0.00074480
0.00070550
0.00071630
0.00069730
0.00071920
0.00071080
0.00071330
0.00071540
0.00075060
0.00071520
0.00071020
0.00071060
0.00070440
0.00069310
0.00069950
0.00069400
0.00070140
0.00072160
0.00070780
0.00069860
0.00070350
0.00069740
0.00070120
0.00070480
0.00077250
0.00071180
0.00000000
0.00000000
0.00000000
0.00000000
0.00126910
0.00171720
0.00170320
0.00171350
0.00175730
0.00171780
0.00171550
0.00171550
0.00172220
0.00184370
0.00176110
0.00172420
0.00171960
0.00171380
0.00175890
0.00179740
0.00171700
0.00170320
0.00171370
0.00170450
0.00172460
0.00171860
0.00171860
0.00171000
0.00171480
0.00173330
0.00171230
0.00171420
0.00174190
0.00171360
0.00172300
0.00175540
0.00173420
0.00172600
0.00171270
0.00172180
0.00175840
0.00171470
0.00172250
0.00170920
0.00173220
0.00171370
0.00171870
0.00170930
0.00170680
0.00170960
0.00170080
0.00172700
0.00172400
0.00171030
