0.00267630
0.00305970
0.00279850
0.00000000
0.00000000
0.00000000
0.00000000
0.00083470
0.00102930
0.00106030
0.00106050
0.00103440
0.00102840
0.00100150
0.00099050
0.00098660
0.00106350
0.00104390
0.00100760
0.00099640
0.00098640
0.00100110
0.00099180
0.00100060
0.00098760
0.00101430
0.00103270
0.00100960
0.00099440
0.00099080
0.00105390
0.00099010
0.00098970
0.00098220
0.00101260
0.00101870
0.00104070
0.00102420
0.00100970
0.00099820
0.00100160
0.00098270
0.00097200
0.00097150
0.00097940
0.00098200
0.00100570
0.00098060
0.00101710
0.00100850
0.00098010
0.00098390
0.00099160
0.00099430
0.00097220
0.00096790
0.00096800
0.00099170
0.00100670
0.00098660
0.00098300
0.00097090
0.00097080
0.00096540
0.00096880
0.00098160
0.00101640
0.00101070
0.00098230
0.00097050
0.00097130
0.00098030
0.00098430
0.00097810
0.00098080
0.00098020
0.00097030
0.00096690
0.00098450
0.00097730
0.00097130
0.00096700
0.00099020
0.00098360
0.00098960
0.00098500
0.00098890
0.00098020
0.00097680
0.00097410
0.00097600
0.00097240
0.00098140
0.00099280
0.00097110
0.00096610
0.00097370
0.00097320
0.00098760
0.00097790
0.00097670
0.00096860
0.00100930
0.00102750
0.00105000
0.00100970
0.00099580
0.00098660
0.00097570
0.00097320
0.00097400
0.00098360
0.00098100
0.00097340
0.00097510
0.00097010
0.00099630
0.00100520
0.00106990
0.00106090
0.00114330
0.00137510
0.00104090
0.00096490
0.00097770
0.00098500
0.00099900
0.00098510
0.00100490
0.00097850
0.00098020
0.00108130
0.00127470
0.00104320
0.00097360
0.00097630
0.00097160
0.00097980
0.00099020
0.00097860
0.00098330
0.00097640
0.00108560
0.00128270
0.00101460
0.00102260
0.00101150
0.00098280
0.00097710
0.00097240
0.00097530
0.00098080
0.00098430
0.00110160
0.00130740
0.00106670
0.00098080
0.00097850
0.00098140
0.00098320
0.00097760
0.00096650
0.00097110
0.00097780
0.00111120
0.00130810
0.00110160
0.00097890
0.00097740
0.00097890
0.00097010
0.00097260
0.00098450
0.00098990
0.00097990
0.00096750
0.00096810
0.00096470
0.00098090
0.00098030
0.00101690
0.00097150
0.00097290
0.00096660
0.00097750
0.00097350
0.00109220
0.00138600
0.00106440
0.00101310
0.00098820
0.00097470
0.00100240
0.00099400
0.00099160
0.00098290
0.00098330
0.00108380
0.00128310
0.00111050
0.00097360
0.00098160
0.00098340
0.00097600
0.00098420
0.00097010
0.00111540
0.00097880
0.00109030
0.00165370
0.00098050
0.00097570
0.00098040
0.00097400
0.00101120
0.00099440
0.00098020
0.00097830
0.00097690
0.00107950
0.00147810
0.00104000
0.00102410
0.00100000
0.00098280
0.00097080
0.00096950
0.00097070
0.00097430
0.00098620
0.00111860
0.00134040
0.00101680
0.00097050
0.00097330
0.00098060
0.00100000
0.00097720
0.00097100
0.00097300
0.00097130
0.00096460
0.00097820
0.00097560
0.00097540
0.00096860
0.00097070
0.00096700
0.00099880
0.00098860
0.00097770
0.00096840
0.00096690
0.00098750
0.00097030
0.00098300
0.00097620
0.00097530
0.00097650
0.00093620
0.00093620
0.00094360
0.00094630
0.00098720
0.00108980
0.00096970
0.00099530
0.00094290
0.00094450
0.00095450
0.00095890
0.00093780
0.00095410
0.00092740
0.00106750
0.00094340
0.00095140
0.00094920
0.00094500
0.00094370
0.00094100
0.00093890
0.00093360
0.00102380
0.00095160
0.00094940
0.00093340
0.00094910
0.00093470
0.00098240
0.00095270
0.00094280
0.00093710
0.00106380
0.00128300
0.00109400
0.00095740
0.00095930
0.00095540
0.00100970
0.00112470
0.00105180
0.00106290
0.00101540
0.00101120
0.00101220
0.00094300
0.00093600
0.00094140
0.00093710
0.00104220
0.00097470
0.00095490
0.00095260
0.00098390
0.00099560
0.00099590
0.00098090
0.00097790
0.00098660
0.00102440
0.00098840
0.00098970
0.00099100
0.00097640
0.00097010
0.00097880
0.00104570
0.00099380
0.00099860
0.00100730
0.00099680
0.00099080
0.00098240
0.00097800
0.00097300
0.00101440
0.00100790
0.00098350
0.00099270
0.00099010
0.00097470
0.00097450
0.00097230
0.00097430
0.00099810
0.00099030
0.00097780
0.00097660
0.00097630
0.00099120
0.00098370
0.00099040
0.00097460
0.00098610
0.00097630
0.00097760
0.00097350
0.00098820
0.00098400
0.00097500
0.00097300
0.00098040
0.00101460
0.00103310
0.00105760
0.00103940
0.00111000
0.00124480
0.00104640
0.00097420
0.00105020
0.00100190
0.00098560
0.00097890
0.00097660
0.00097490
0.00098820
0.00098550
0.00111210
0.00098900
0.00098560
0.00098010
0.00098790
0.00099280
0.00097850
0.00099640
0.00097780
0.00121310
0.00098760
0.00097960
0.00098390
0.00097960
0.00097370
0.00097760
0.00097730
0.00097720
0.00103680
0.00113330
0.00133890
0.00105460
0.00100470
0.00099750
0.00098510
