0.00110920
0.00175270
0.00222520
0.00184340
0.00141070
0.00151990
0.00149360
0.00162630
0.00172310
0.00166840
0.00144760
0.00150990
0.00150870
0.00199780
0.00167870
0.00143350
0.00152000
0.00129170
0.00140850
0.00174950
0.00222280
0.00144580
0.00171320
0.00170550
0.00149880
0.00181350
0.00179990
0.00179820
0.00140180
0.00171360
0.00166980
0.00176050
0.00144130
0.00175620
0.00156440
0.00132530
0.00140120
0.00199700
0.00174700
0.00137140
0.00127430
0.00141780
0.00182890
0.00174520
0.00157500
0.00133140
0.00129980
0.00129480
0.00143180
0.00176550
0.00000000
0.00000000
0.00000000
0.00000000
0.00169470
0.00208740
0.00187260
0.00180110
0.00179990
0.00191970
0.00200830
0.00185790
0.00180380
0.00180290
0.00180080
0.00180900
0.00179400
0.00179760
0.00180140
0.00179340
0.00188450
0.00201090
0.00183170
0.00182080
0.00180980
0.00180000
0.00185830
0.00193930
0.00361210
0.00194600
0.00202230
0.00188320
0.00172480
0.00171530
0.00171350
0.00177640
0.00171180
0.00172810
0.00183000
0.00201890
0.00176560
0.00192030
0.00000000
0.00000000
0.00000000
0.00000000
0.00054790
0.00052610
0.00045390
0.00048280
0.00046120
0.00000000
0.00000000
0.00000000
0.00000000
0.00047100
0.00061000
0.00057640
0.00061040
0.00057410
0.00057680
0.00062380
0.00056990
0.00056970
0.00056910
0.00057660
0.00056860
0.00057110
0.00057430
0.00063930
0.00058350
0.00058540
0.00062310
0.00063090
0.00065120
0.00056960
0.00057900
0.00057710
0.00058850
0.00057060
0.00057610
0.00058420
0.00057220
0.00056730
0.00062620
0.00058190
0.00058070
0.00061080
0.00061900
0.00057640
0.00066640
0.00058870
0.00061740
0.00058820
0.00058560
0.00058210
0.00057540
0.00060720
0.00060940
0.00061300
0.00063100
0.00062220
0.00061000
0.00061240
0.00059810
0.00061390
0.00059850
0.00060810
0.00060430
0.00060510
0.00061340
0.00059930
0.00061270
0.00060000
0.00061210
0.00061220
0.00059970
0.00060870
0.00060040
0.00065530
0.00063190
0.00060940
0.00060750
0.00059650
0.00061310
0.00062880
0.00064140
0.00060960
0.00060120
0.00064150
0.00062580
0.00060080
0.00061010
0.00060480
0.00061520
0.00059940
0.00060990
0.00060500
0.00061620
0.00061120
0.00061220
0.00061710
0.00059920
0.00060700
0.00060040
0.00060850
0.00060760
0.00060630
0.00061410
0.00061410
0.00062610
0.00063710
0.00063370
0.00061610
0.00061660
0.00060810
0.00061870
0.00059980
0.00061880
0.00060090
0.00066080
0.00062140
0.00061390
0.00060870
0.00060020
0.00061350
0.00060170
0.00062260
0.00061250
0.00062110
0.00060730
0.00060040
0.00066580
0.00061920
0.00062060
0.00061500
0.00064490
0.00060580
0.00061660
0.00060990
0.00061700
