1
135.00,29.00,19.00,104.00
134.00,29.00,19.00,104.00
134.00,29.00,19.00,104.00
133.00,29.00,19.00,104.00
133.00,29.00,19.00,104.00
133.00,29.00,19.00,104.00
133.00,29.00,19.00,104.00
132.00,28.00,19.00,104.00
132.00,28.00,19.00,104.00
132.00,28.00,19.00,104.00
131.00,27.00,19.00,104.00
131.00,27.00,19.00,104.00
131.00,26.00,19.00,104.00
130.00,26.00,19.00,104.00
130.00,25.00,19.00,104.00
129.00,24.00,19.00,104.00
129.00,23.00,19.00,104.00
128.00,22.00,19.00,104.00
128.00,21.00,19.00,104.00
128.00,20.00,19.00,104.00
127.00,19.00,19.00,104.00
127.00,18.00,19.00,104.00
126.00,17.00,19.00,104.00
126.00,16.00,19.00,104.00
125.00,14.00,19.00,104.00
125.00,13.00,19.00,104.00
124.00,11.00,19.00,104.00
124.00,9.00,19.00,104.00
124.00,7.00,19.00,104.00
123.00,5.00,19.00,104.00
123.00,4.00,19.00,104.00
122.00,2.00,19.00,104.00
122.00,0.00,19.00,104.00
121.00,-1.00,19.00,104.00
121.00,-3.00,19.00,104.00
120.00,-6.00,19.00,104.00
120.00,-8.00,19.00,104.00
119.00,-10.00,19.00,104.00
119.00,-12.00,19.00,104.00
118.00,-13.00,19.00,104.00
118.00,-15.00,19.00,104.00
117.00,-18.00,19.00,104.00
117.00,-20.00,19.00,104.00
117.00,-22.00,19.00,104.00
116.00,-24.00,19.00,104.00
116.00,-26.00,19.00,104.00
116.00,-28.00,19.00,104.00
115.00,-30.00,19.00,104.00
2
0
0
0
0
1
141.00,79.00,30.00,74.00
142.00,78.00,30.00,74.00
142.00,77.00,30.00,74.00
142.00,77.00,30.00,74.00
142.00,76.00,30.00,74.00
142.00,76.00,30.00,74.00
143.00,76.00,30.00,74.00
143.00,75.00,30.00,74.00
143.00,75.00,30.00,74.00
143.00,74.00,30.00,74.00
143.00,74.00,30.00,74.00
144.00,73.00,30.00,74.00
144.00,73.00,30.00,74.00
144.00,73.00,30.00,74.00
144.00,73.00,30.00,74.00
144.00,73.00,30.00,74.00
144.00,73.00,30.00,74.00
143.00,73.00,30.00,74.00
142.00,74.00,30.00,74.00
142.00,75.00,30.00,74.00
141.00,76.00,30.00,74.00
140.00,77.00,30.00,74.00
139.00,78.00,30.00,74.00
139.00,79.00,30.00,74.00
139.00,80.00,30.00,74.00
139.00,82.00,30.00,74.00
138.00,84.00,30.00,74.00
138.00,86.00,30.00,74.00
137.00,88.00,30.00,74.00
137.00,90.00,30.00,74.00
136.00,92.00,30.00,74.00
136.00,94.00,30.00,74.00
135.00,96.00,30.00,74.00
135.00,98.00,30.00,74.00
134.00,100.00,30.00,74.00
134.00,102.00,30.00,74.00
2
0
0
0
0
1
137.00,88.00,53.00,44.00
138.00,90.00,53.00,44.00
137.00,92.00,53.00,44.00
2
0
0
0
0
1
120.00,40.00,46.00,48.00
122.00,39.00,46.00,48.00
125.00,38.00,46.00,48.00
128.00,38.00,46.00,48.00
131.00,39.00,46.00,48.00
134.00,43.00,46.00,48.00
135.00,45.00,46.00,48.00
136.00,46.00,46.00,48.00
137.00,47.00,46.00,48.00
138.00,48.00,46.00,48.00
139.00,49.00,46.00,48.00
140.00,49.00,46.00,48.00
141.00,47.00,46.00,48.00
142.00,47.00,46.00,48.00
142.00,48.00,46.00,48.00
141.00,49.00,46.00,48.00
141.00,49.00,46.00,48.00
141.00,50.00,46.00,48.00
141.00,50.00,46.00,48.00
141.00,50.00,46.00,48.00
141.00,50.00,46.00,48.00
142.00,49.00,46.00,48.00
143.00,49.00,46.00,48.00
143.00,49.00,46.00,48.00
143.00,50.00,46.00,48.00
142.00,50.00,46.00,48.00
141.00,51.00,46.00,48.00
140.00,52.00,46.00,48.00
140.00,53.00,46.00,48.00
140.00,54.00,46.00,48.00
140.00,55.00,46.00,48.00
139.00,56.00,46.00,48.00
138.00,58.00,46.00,48.00
137.00,59.00,46.00,48.00
136.00,61.00,46.00,48.00
135.00,64.00,46.00,48.00
134.00,67.00,46.00,48.00
133.00,67.00,46.00,48.00
132.00,66.00,46.00,48.00
131.00,65.00,46.00,48.00
130.00,64.00,46.00,48.00
129.00,63.00,46.00,48.00
129.00,62.00,46.00,48.00
129.00,62.00,46.00,48.00
129.00,62.00,46.00,48.00
129.00,62.00,46.00,48.00
129.00,63.00,46.00,48.00
129.00,63.00,46.00,48.00
129.00,64.00,46.00,48.00
130.00,69.00,46.00,48.00
128.00,73.00,46.00,48.00
126.00,75.00,46.00,48.00
128.00,72.00,46.00,48.00
128.00,72.00,46.00,48.00
128.00,74.00,46.00,48.00
127.00,74.00,46.00,48.00
129.00,74.00,46.00,48.00
132.00,75.00,46.00,48.00
133.00,76.00,46.00,48.00
133.00,78.00,46.00,48.00
132.00,81.00,46.00,48.00
131.00,82.00,46.00,48.00
130.00,81.00,46.00,48.00
129.00,81.00,46.00,48.00
128.00,80.00,46.00,48.00
127.00,80.00,46.00,48.00
126.00,79.00,46.00,48.00
126.00,79.00,46.00,48.00
125.00,80.00,46.00,48.00
124.00,81.00,46.00,48.00
123.00,82.00,46.00,48.00
122.00,82.00,46.00,48.00
122.00,81.00,46.00,48.00
123.00,80.00,46.00,48.00
123.00,79.00,46.00,48.00
122.00,79.00,46.00,48.00
122.00,78.00,46.00,48.00
121.00,78.00,46.00,48.00
122.00,77.00,46.00,48.00
123.00,76.00,46.00,48.00
124.00,76.00,46.00,48.00
125.00,75.00,46.00,48.00
126.00,75.00,46.00,48.00
127.00,75.00,46.00,48.00
128.00,75.00,46.00,48.00
129.00,76.00,46.00,48.00
130.00,76.00,46.00,48.00
132.00,77.00,46.00,48.00
133.00,78.00,46.00,48.00
134.00,79.00,46.00,48.00
135.00,80.00,46.00,48.00
136.00,81.00,46.00,48.00
137.00,83.00,46.00,48.00
138.00,84.00,46.00,48.00
138.00,85.00,46.00,48.00
139.00,87.00,46.00,48.00
139.00,88.00,46.00,48.00
139.00,89.00,46.00,48.00
139.00,90.00,46.00,48.00
139.00,91.00,46.00,48.00
139.00,93.00,46.00,48.00
138.00,94.00,46.00,48.00
138.00,96.00,46.00,48.00
137.00,97.00,46.00,48.00
137.00,99.00,46.00,48.00
136.00,100.00,46.00,48.00
136.00,102.00,46.00,48.00
135.00,104.00,46.00,48.00
135.00,106.00,46.00,48.00
136.00,108.00,46.00,48.00
137.00,109.00,46.00,48.00
137.00,110.00,46.00,48.00
136.00,106.00,46.00,48.00
136.00,103.00,46.00,48.00
135.00,101.00,46.00,48.00
134.00,98.00,46.00,48.00
133.00,96.00,46.00,48.00
133.00,94.00,46.00,48.00
134.00,92.00,46.00,48.00
135.00,91.00,46.00,48.00
135.00,90.00,46.00,48.00
135.00,89.00,46.00,48.00
135.00,88.00,46.00,48.00
135.00,87.00,46.00,48.00
135.00,86.00,46.00,48.00
