0.00076170
0.00063670
0.00061610
0.00059540
0.00057270
0.00054170
0.00055080
0.00056180
0.00062970
0.00064360
0.00060330
0.00054210
0.00056520
0.00054930
0.00055300
0.00060700
0.00056940
0.00054790
0.00055160
0.00063240
0.00066170
0.00064280
0.00054810
0.00056740
0.00054100
0.00054340
0.00058740
0.00055700
0.00056410
0.00053540
0.00056170
0.00055970
0.00056250
0.00054010
0.00054640
0.00055160
0.00054320
0.00053610
0.00064580
0.00058320
0.00057170
0.00055540
0.00054370
0.00056570
0.00059570
0.00054780
0.00054100
0.00057680
0.00070130
0.00062550
0.00056650
0.00056930
0.00057000
0.00058090
0.00061150
0.00059270
0.00057210
0.00059470
0.00057560
0.00086420
0.00080700
0.00087230
0.00055000
0.00056870
0.00056110
0.00091110
0.00062920
0.00059420
0.00057340
0.00057710
0.00058240
0.00057110
0.00056020
0.00056420
0.00057850
0.00065610
0.00061390
0.00058280
0.00062870
0.00057240
0.00055910
0.00059020
0.00056900
0.00056040
0.00055850
0.00057290
0.00062080
0.00057610
0.00058650
0.00057590
0.00057020
0.00055830
0.00056450
0.00058130
0.00057090
0.00058160
0.00055970
0.00060550
0.00057300
0.00057710
0.00056640
0.00054540
0.00055600
0.00058030
0.00054950
0.00053740
0.00056390
0.00058060
0.00060280
0.00061790
0.00058260
0.00095350
0.00058010
0.00059840
0.00058230
0.00061290
0.00057750
0.00058110
0.00059370
0.00057810
0.00063120
0.00060480
0.00058240
0.00056940
0.00059940
0.00057260
0.00055320
0.00054920
0.00056270
0.00055890
0.00060110
0.00061940
0.00065640
0.00057140
0.00071970
0.00101830
0.00057540
0.00058210
0.00055790
0.00054810
0.00054320
0.00054850
0.00064060
0.00056100
0.00056620
0.00054990
0.00055610
0.00055860
0.00056410
0.00056150
0.00054590
0.00054330
0.00056600
0.00056660
0.00059410
0.00058350
0.00056230
0.00056500
0.00057410
0.00063420
0.00057740
0.00056900
0.00056380
0.00056380
0.00058690
0.00062540
0.00057940
0.00056370
0.00055750
0.00057490
0.00055870
0.00056100
0.00055790
0.00056490
0.00054720
0.00055840
0.00060300
0.00064160
0.00057760
0.00059150
0.00054310
0.00072800
0.00098000
0.00057340
0.00057650
0.00058070
0.00056330
0.00060510
0.00058480
0.00056270
0.00057220
0.00055680
0.00055960
0.00059550
0.00061070
0.00054660
0.00058630
0.00060820
0.00060260
0.00056540
0.00055530
0.00054990
0.00056370
0.00056650
0.00057500
0.00057200
0.00056960
0.00057800
0.00057900
0.00058470
0.00056710
0.00059210
0.00056150
0.00060030
0.00056190
0.00055370
0.00056830
0.00055280
0.00055730
0.00054580
0.00056790
0.00056410
0.00058530
0.00056270
0.00056590
0.00056990
0.00057240
0.00056550
