0.00168960
0.00224450
0.00251750
0.00228360
0.00214390
0.00000000
0.00000000
0.00000000
0.00000000
0.00156690
0.00191580
0.00181140
0.00189390
0.00193270
0.00210730
0.00181780
0.00177950
0.00186200
0.00181040
0.00178650
0.00190510
0.00213090
0.00181690
0.00196880
0.00183440
0.00186280
0.00180060
0.00180360
0.00183130
0.00180870
0.00178410
0.00178040
0.00179380
0.00179410
0.00185440
0.00178680
0.00179080
0.00178530
0.00177810
0.00180470
0.00187980
0.00182500
0.00179240
0.00180350
0.00178490
0.00196440
0.00187030
0.00185140
0.00184050
0.00181620
0.00180660
0.00190670
0.00179920
0.00178170
0.00190590
0.00231300
0.00222400
0.00218490
0.00214720
0.00214010
0.00215650
0.00227710
0.00212490
0.00210970
0.00212990
0.00214130
0.00224010
0.00229360
0.00213260
0.00204980
0.00186620
0.00210880
0.00201950
0.00179980
0.00170400
0.00170370
0.00170050
0.00180670
0.00182700
0.00203420
0.00173740
0.00170610
0.00171080
0.00187790
0.00210200
0.00188810
0.00213460
0.00180330
0.00179260
0.00190370
0.00181360
0.00185700
0.00184530
0.00176040
0.00188520
0.00176380
0.00170140
0.00177250
0.00179130
0.00178380
0.00178350
0.00180430
0.00177920
0.00177920
0.00178440
0.00176930
0.00179030
0.00181400
0.00181420
0.00180390
0.00182890
0.00182610
0.00188300
0.00189470
0.00182150
0.00180280
0.00184500
0.00189380
0.00179140
0.00193420
0.00229380
0.00228520
0.00230820
0.00220050
0.00213530
0.00217340
0.00220250
0.00231290
0.00221210
0.00221390
0.00222430
0.00230820
0.00242830
0.00227700
0.00211230
0.00185420
0.00194800
0.00227560
0.00188220
0.00180450
0.00182060
0.00177680
0.00184850
0.00200000
0.00211080
0.00184620
0.00179240
0.00179210
0.00185890
0.00183880
0.00192710
0.00211820
0.00184460
0.00183730
0.00191370
0.00186400
0.00182480
0.00180320
0.00181330
0.00184520
0.00194100
0.00183240
0.00180410
0.00181660
0.00179900
0.00187520
0.00233420
0.00185660
0.00181630
0.00178970
0.00200760
0.00000000
0.00000000
0.00000000
0.00000000
0.00147820
0.00210150
0.00236460
0.00226160
0.00224770
0.00223200
0.00219190
0.00215390
0.00219980
0.00226380
0.00213430
0.00226610
0.00214690
0.00229240
0.00219850
0.00230740
0.00214020
0.00182300
0.00197750
0.00215540
0.00184750
0.00184420
0.00182180
0.00179310
0.00182610
0.00197170
0.00211950
0.00188450
0.00182060
0.00186770
0.00183400
0.00180850
0.00191890
0.00219630
0.00185660
0.00179680
0.00178790
0.00179060
0.00179180
0.00185290
0.00185340
0.00180210
0.00180590
0.00177400
0.00179220
0.00185070
0.00185550
0.00178990
0.00185940
0.00189620
0.00186780
0.00176830
0.00190340
0.00187740
0.00182360
0.00171710
0.00180580
0.00174630
0.00169790
0.00189650
0.00171760
0.00185340
0.00179810
0.00183530
0.00180810
0.00179450
0.00194740
0.00226570
0.00228970
0.00236450
0.00220100
0.00220990
0.00215740
0.00241340
0.00224350
0.00219160
0.00211720
0.00219760
0.00223040
0.00230020
0.00222860
0.00213660
0.00183300
0.00209350
0.00222690
0.00184560
0.00180020
0.00178410
0.00184120
0.00181570
0.00194150
0.00230770
0.00186480
0.00178400
0.00181370
0.00183190
0.00190210
0.00197150
0.00212010
0.00190950
0.00186550
0.00189210
0.00184020
0.00181970
0.00182070
0.00199810
0.00191190
0.00189940
0.00194060
0.00189840
0.00189600
0.00189570
0.00197170
0.00187320
0.00197240
0.00294940
0.00189910
0.00186480
0.00195480
0.00211460
0.00218020
0.00199400
0.00212460
0.00294370
0.00206440
0.00247450
0.00221670
0.00319570
0.00322380
0.00217150
0.00201140
0.00245190
0.00250430
0.00245970
0.00235050
0.00234660
0.00240080
0.00244700
0.00221010
0.00233380
0.00215550
0.00237290
0.00217840
0.00226520
0.00224790
0.00228890
0.00218100
0.00184170
0.00194090
0.00214130
0.00189890
0.00183110
0.00209080
0.00181910
0.00182480
0.00193000
0.00213160
0.00214130
0.00188350
0.00181760
0.00181090
0.00180660
0.00193980
0.00476730
0.00299790
0.00310960
0.00365320
0.00299600
0.00221960
0.00185520
0.00185200
0.00197440
0.00187840
0.00184160
0.00182050
0.00179090
0.00183280
0.00182180
0.00178090
0.00179370
0.00179100
0.00177590
0.00179350
0.00192470
0.00180960
0.00178350
0.00178770
0.00180340
0.00180090
0.00184070
0.00178330
0.00180860
0.00178780
0.00179250
0.00180550
0.00181410
0.00194120
0.00228850
0.00221630
0.00222700
0.00209690
0.00214820
0.00211180
0.00225490
0.00225450
0.00226820
0.00213070
0.00219750
0.00216780
0.00223540
0.00220690
0.00222980
0.00184240
0.00199410
0.00216920
0.00180730
0.00180710
0.00178160
0.00179940
0.00177720
0.00191970
0.00218860
0.00184540
0.00177990
0.00178010
0.00176560
0.00177250
0.00190770
0.00215960
0.00180830
0.00178030
0.00176630
0.00176790
0.00178590
0.00184730
0.00182760
0.00179270
0.00177620
0.00179070
0.00179290
