0.00082170
0.00077770
0.00061510
0.00062390
0.00063970
0.00070930
0.00067730
0.00067270
0.00066960
0.00062380
0.00064030
0.00061200
0.00062320
0.00064620
0.00071800
0.00064680
0.00066110
0.00064180
0.00062110
0.00061490
0.00000000
0.00000000
0.00000000
0.00000000
0.00056730
0.00070390
0.00095950
0.00077560
0.00075290
0.00071620
0.00070110
0.00070570
0.00085300
0.00070850
0.00077120
0.00076400
0.00069660
0.00069050
0.00067810
0.00068500
0.00083500
0.00072390
0.00069580
0.00077250
0.00072110
0.00069050
0.00068670
0.00068920
0.00068350
0.00070860
0.00069730
0.00081570
0.00075620
0.00069360
0.00068890
0.00067930
0.00068940
0.00068330
0.00069510
0.00068450
0.00000000
0.00000000
0.00000000
0.00000000
0.00153860
0.00215280
0.00206020
0.00208380
0.00214570
0.00217500
0.00212220
0.00000000
0.00000000
0.00000000
0.00000000
0.00121050
0.00169760
0.00167570
0.00189310
0.00160610
0.00167020
0.00164380
0.00161370
0.00169930
0.00169910
0.00162700
0.00163230
0.00164050
0.00162170
0.00172790
0.00163680
0.00169980
0.00160990
0.00160080
0.00168600
0.00167700
0.00162920
0.00161290
0.00160570
0.00159360
0.00181330
0.00167630
0.00161930
0.00158880
0.00177730
0.00163290
0.00168600
0.00161490
0.00160590
0.00159490
0.00161540
0.00189810
0.00165670
0.00165920
0.00150490
0.00149360
0.00169130
0.00191200
0.00167660
0.00165250
0.00171860
0.00157800
0.00187180
0.00168490
0.00164140
0.00167610
0.00184450
0.00179960
0.00168060
0.00172000
0.00180900
0.00159200
0.00163500
0.00168880
0.00163340
0.00160040
0.00161990
0.00156580
0.00184830
0.00165910
0.00160170
0.00159260
0.00161000
0.00162560
0.00165800
0.00161700
0.00160600
0.00160320
0.00162280
0.00168400
0.00163860
0.00160480
0.00161160
0.00162690
0.00162370
0.00164880
0.00162780
0.00161120
0.00165680
0.00161960
0.00169160
0.00163350
0.00161340
0.00168770
0.00166950
0.00182190
0.00170510
0.00173770
0.00181070
0.00185810
0.00175740
0.00169700
0.00168150
0.00170910
0.00162280
0.00161320
0.00166450
0.00000000
0.00000000
0.00000000
0.00000000
0.00070930
0.00073270
0.00075450
0.00000000
0.00000000
0.00000000
0.00000000
0.00058330
0.00094750
0.00067760
0.00068350
0.00000000
0.00000000
0.00000000
0.00000000
0.00045110
0.00050950
0.00049390
0.00000000
0.00000000
0.00000000
0.00000000
0.00051330
0.00064540
0.00065230
0.00063730
0.00068620
0.00062530
0.00062840
0.00064280
0.00068850
0.00067050
0.00064170
0.00061560
0.00061180
0.00064460
0.00062790
0.00062360
0.00062570
0.00065440
0.00064630
0.00063910
0.00063480
0.00062320
0.00061250
0.00062520
0.00061610
0.00068810
0.00061720
0.00061300
0.00060650
0.00061120
0.00061360
0.00062230
0.00062240
0.00062230
0.00063880
0.00061960
0.00061110
0.00060790
0.00061640
0.00061430
0.00060740
0.00062260
0.00063830
0.00062160
0.00060910
0.00061940
0.00062360
0.00060870
0.00061080
0.00060740
0.00061290
0.00062620
0.00061440
0.00062140
0.00062030
0.00061470
0.00061190
0.00061730
0.00060930
0.00064350
0.00062770
0.00061900
0.00060900
0.00060700
0.00061110
0.00060830
0.00063990
0.00061700
