1
157.00,90.00,18.00,48.00
157.00,88.00,18.00,48.00
155.00,85.00,18.00,48.00
156.00,84.00,18.00,48.00
157.00,82.00,18.00,48.00
157.00,80.00,18.00,48.00
158.00,79.00,18.00,48.00
159.00,78.00,18.00,48.00
160.00,78.00,18.00,48.00
162.00,78.00,18.00,48.00
165.00,77.00,18.00,48.00
163.00,77.00,18.00,48.00
160.00,77.00,18.00,48.00
159.00,77.00,18.00,48.00
158.00,77.00,18.00,48.00
156.00,78.00,18.00,48.00
152.00,78.00,18.00,48.00
148.00,78.00,18.00,48.00
2
0
0
0
0
1
133.00,50.00,22.00,54.00
138.00,54.00,22.00,54.00
139.00,54.00,22.00,54.00
140.00,53.00,22.00,54.00
141.00,52.00,22.00,54.00
144.00,52.00,22.00,54.00
146.00,53.00,22.00,54.00
149.00,54.00,22.00,54.00
150.00,53.00,22.00,54.00
153.00,53.00,22.00,54.00
153.00,53.00,22.00,54.00
156.00,54.00,22.00,54.00
154.00,52.00,22.00,54.00
154.00,50.00,22.00,54.00
154.00,49.00,22.00,54.00
155.00,49.00,22.00,54.00
158.00,51.00,22.00,54.00
157.00,51.00,22.00,54.00
159.00,52.00,22.00,54.00
160.00,53.00,22.00,54.00
161.00,53.00,22.00,54.00
162.00,53.00,22.00,54.00
166.00,55.00,22.00,54.00
168.00,54.00,22.00,54.00
167.00,53.00,22.00,54.00
167.00,53.00,22.00,54.00
168.00,54.00,22.00,54.00
167.00,53.00,22.00,54.00
166.00,54.00,22.00,54.00
164.00,54.00,22.00,54.00
162.00,54.00,22.00,54.00
158.00,54.00,22.00,54.00
155.00,55.00,22.00,54.00
150.00,54.00,22.00,54.00
2
0
0
0
0
1
131.00,79.00,27.00,74.00
136.00,79.00,27.00,74.00
141.00,79.00,27.00,74.00
146.00,78.00,27.00,74.00
150.00,78.00,27.00,74.00
2
0
0
0
0
1
162.00,79.00,33.00,79.00
160.00,80.00,33.00,79.00
160.00,80.00,33.00,79.00
160.00,81.00,33.00,79.00
161.00,82.00,33.00,79.00
163.00,82.00,33.00,79.00
163.00,83.00,33.00,79.00
165.00,83.00,33.00,79.00
168.00,84.00,33.00,79.00
170.00,86.00,33.00,79.00
171.00,86.00,33.00,79.00
173.00,87.00,33.00,79.00
175.00,87.00,33.00,79.00
178.00,87.00,33.00,79.00
180.00,86.00,33.00,79.00
181.00,86.00,33.00,79.00
180.00,84.00,33.00,79.00
179.00,83.00,33.00,79.00
179.00,82.00,33.00,79.00
179.00,80.00,33.00,79.00
176.00,79.00,33.00,79.00
172.00,78.00,33.00,79.00
169.00,76.00,33.00,79.00
169.00,74.00,33.00,79.00
167.00,73.00,33.00,79.00
166.00,72.00,33.00,79.00
165.00,71.00,33.00,79.00
165.00,71.00,33.00,79.00
166.00,71.00,33.00,79.00
167.00,70.00,33.00,79.00
166.00,70.00,33.00,79.00
167.00,70.00,33.00,79.00
165.00,71.00,33.00,79.00
161.00,71.00,33.00,79.00
159.00,72.00,33.00,79.00
158.00,71.00,33.00,79.00
156.00,71.00,33.00,79.00
154.00,71.00,33.00,79.00
150.00,71.00,33.00,79.00
147.00,72.00,33.00,79.00
145.00,72.00,33.00,79.00
142.00,74.00,33.00,79.00
140.00,74.00,33.00,79.00
139.00,75.00,33.00,79.00
138.00,76.00,33.00,79.00
136.00,79.00,33.00,79.00
134.00,80.00,33.00,79.00
133.00,81.00,33.00,79.00
133.00,84.00,33.00,79.00
135.00,84.00,33.00,79.00
141.00,85.00,33.00,79.00
148.00,85.00,33.00,79.00
155.00,85.00,33.00,79.00
160.00,84.00,33.00,79.00
163.00,82.00,33.00,79.00
166.00,80.00,33.00,79.00
172.00,79.00,33.00,79.00
177.00,78.00,33.00,79.00
181.00,76.00,33.00,79.00
183.00,75.00,33.00,79.00
186.00,74.00,33.00,79.00
188.00,73.00,33.00,79.00
190.00,74.00,33.00,79.00
189.00,73.00,33.00,79.00
187.00,73.00,33.00,79.00
179.00,77.00,33.00,79.00
171.00,79.00,33.00,79.00
164.00,83.00,33.00,79.00
157.00,86.00,33.00,79.00
149.00,88.00,33.00,79.00
149.00,90.00,33.00,79.00
145.00,92.00,33.00,79.00
144.00,93.00,33.00,79.00
140.00,92.00,33.00,79.00
139.00,90.00,33.00,79.00
142.00,89.00,33.00,79.00
142.00,85.00,33.00,79.00
146.00,83.00,33.00,79.00
146.00,82.00,33.00,79.00
145.00,80.00,33.00,79.00
144.00,78.00,33.00,79.00
143.00,77.00,33.00,79.00
143.00,76.00,33.00,79.00
142.00,75.00,33.00,79.00
141.00,76.00,33.00,79.00
140.00,77.00,33.00,79.00
136.00,77.00,33.00,79.00
130.00,75.00,33.00,79.00
125.00,74.00,33.00,79.00
124.00,78.00,33.00,79.00
121.00,78.00,33.00,79.00
122.00,78.00,33.00,79.00
123.00,78.00,33.00,79.00
123.00,76.00,33.00,79.00
125.00,76.00,33.00,79.00
122.00,74.00,33.00,79.00
116.00,72.00,33.00,79.00
110.00,80.00,33.00,79.00
105.00,77.00,33.00,79.00
99.00,78.00,33.00,79.00
2
0
0
0
0
1
118.00,90.00,20.00,54.00
2
0
0
0
0
1
123.00,76.00,19.00,54.00
124.00,74.00,19.00,54.00
2
0
0
0
0
1
130.00,85.00,17.00,52.00
2
0
0
0
0
1
148.00,91.00,16.00,47.00
148.00,92.00,16.00,47.00
146.00,105.00,16.00,47.00
147.00,104.00,16.00,47.00
148.00,103.00,16.00,47.00
147.00,102.00,16.00,47.00
146.00,101.00,16.00,47.00
144.00,100.00,16.00,47.00
142.00,100.00,16.00,47.00
141.00,100.00,16.00,47.00
141.00,99.00,16.00,47.00
141.00,99.00,16.00,47.00
140.00,98.00,16.00,47.00
138.00,98.00,16.00,47.00
137.00,98.00,16.00,47.00
136.00,98.00,16.00,47.00
134.00,98.00,16.00,47.00
134.00,99.00,16.00,47.00
138.00,100.00,16.00,47.00
142.00,100.00,16.00,47.00
146.00,100.00,16.00,47.00
148.00,100.00,16.00,47.00
150.00,100.00,16.00,47.00
151.00,99.00,16.00,47.00
154.00,99.00,16.00,47.00
158.00,99.00,16.00,47.00
160.00,98.00,16.00,47.00
162.00,98.00,16.00,47.00
164.00,98.00,16.00,47.00
165.00,97.00,16.00,47.00
165.00,97.00,16.00,47.00
166.00,97.00,16.00,47.00
167.00,97.00,16.00,47.00
167.00,97.00,16.00,47.00
167.00,97.00,16.00,47.00
167.00,97.00,16.00,47.00
167.00,97.00,16.00,47.00
167.00,97.00,16.00,47.00
169.00,97.00,16.00,47.00
172.00,97.00,16.00,47.00
174.00,96.00,16.00,47.00
175.00,96.00,16.00,47.00
176.00,95.00,16.00,47.00
178.00,95.00,16.00,47.00
180.00,95.00,16.00,47.00
181.00,95.00,16.00,47.00
182.00,95.00,16.00,47.00
182.00,95.00,16.00,47.00
182.00,96.00,16.00,47.00
182.00,97.00,16.00,47.00
182.00,98.00,16.00,47.00
182.00,98.00,16.00,47.00
182.00,99.00,16.00,47.00
181.00,100.00,16.00,47.00
181.00,100.00,16.00,47.00
179.00,101.00,16.00,47.00
179.00,102.00,16.00,47.00
178.00,102.00,16.00,47.00
177.00,102.00,16.00,47.00
176.00,102.00,16.00,47.00
175.00,103.00,16.00,47.00
175.00,102.00,16.00,47.00
175.00,102.00,16.00,47.00
175.00,102.00,16.00,47.00
176.00,101.00,16.00,47.00
177.00,100.00,16.00,47.00
177.00,101.00,16.00,47.00
