0.01527660
0.01690930
0.01634030
0.01626520
0.01630470
0.01632740
0.01596640
0.01625510
0.01641470
0.01625010
0.01586080
0.01590440
0.01559870
0.01580420
0.01627940
0.01612180
0.01643930
0.02156790
0.01750650
0.01700940
0.01597820
0.01659640
0.01619360
0.01628490
0.01620860
0.01647390
0.01600360
0.01625690
0.01616170
0.01777260
0.01709380
0.01660730
0.01625150
0.01639830
0.01608760
0.01639480
0.01619120
0.01591460
0.01623300
0.01609720
0.01588440
0.01625890
0.01576050
0.01644790
0.01590310
0.01648650
0.01600080
0.01608790
0.01545920
0.01677050
0.01548410
0.01571410
0.01581200
0.01588420
0.01541700
0.01584610
0.01546170
0.01614450
0.01595960
0.01658660
0.01600450
0.01611910
0.01599740
0.01613700
0.01562330
0.01570920
0.01573090
0.01589410
0.01619430
0.01589850
0.01603600
0.02007200
0.01669070
0.01666040
0.01592730
0.01639530
0.01698540
0.01636740
0.01602070
0.01633580
0.01611250
0.01623600
0.01609950
0.01697310
0.01617530
0.01614390
0.01561640
0.01627370
0.01533190
0.01570550
0.01564710
0.01578440
0.01536010
0.01589460
0.01588800
0.01567280
0.01528970
0.01622050
0.01562310
0.01569420
0.01549610
0.01591490
0.01518990
0.01695050
0.01596880
0.01763060
0.01550120
0.01576600
0.01620160
0.01654900
0.01617590
0.01665200
0.01620040
0.01577770
0.01613300
0.01578060
0.01745580
0.01811100
0.01652800
0.01674970
0.01694170
0.01694710
0.01583350
0.01631010
0.01606480
0.01672770
0.01603510
0.01605580
0.01605210
0.01671320
0.01592680
0.01638630
0.01595490
0.01626250
0.01588830
0.01633650
0.01586670
0.01632830
0.01621980
0.01629240
0.01578140
0.02283000
0.01607650
0.01633400
0.01616770
0.01646490
0.01601320
0.01623440
0.01607870
0.01620210
0.01578150
0.01643480
0.01634310
0.01692310
0.01617170
0.01630890
0.01694370
0.01853840
0.02158460
0.01556770
0.01561890
0.01673660
0.01598480
0.01616560
0.01716040
0.01652870
0.01608800
0.01637360
0.01621810
0.01629130
0.01628260
0.01647260
0.01604330
0.01672890
0.01702200
0.01725850
0.01690360
0.01813980
0.01716430
0.01734740
0.01742650
0.01787990
0.01726640
0.01734900
0.01734890
0.02325850
0.02546020
0.01851110
0.01735910
0.02376930
0.01778570
0.01792500
0.01859480
0.01771740
0.01695350
0.01724650
0.01614280
0.01701970
0.01674760
0.01831070
0.01685620
0.02374500
0.02300660
0.01654440
0.01659300
0.01656830
0.01624300
0.01621090
0.01656710
0.01632080
0.01644630
0.01675060
0.01619340
0.01661490
0.01631510
0.01675300
0.01614600
0.01624980
0.01606760
0.01664670
0.01600490
0.01747660
0.01764060
0.01705920
0.02132300
0.02556580
0.01922320
0.01690860
0.01617730
0.01608710
0.01636300
0.01655470
0.01602390
0.01605560
0.01588040
0.01703220
0.01587620
0.01639940
0.01616300
0.01619190
0.01614190
0.01637480
0.01583110
0.01621440
0.01581050
0.01599300
0.01528870
0.01597220
0.01620840
0.01594060
0.01517300
0.01545940
0.01547220
0.01530700
0.01517760
0.01731130
0.01600060
0.01665160
0.01604090
0.01616570
0.01565590
0.01601400
0.01596970
0.01610030
0.01578440
0.01641170
0.01595510
0.01606200
0.01571340
0.01622770
0.01565650
0.01597430
0.01574540
0.01590010
0.01531510
0.01562220
0.01558900
0.01567790
0.01520100
0.01564920
0.01526310
0.01601000
0.01605270
0.01608820
0.01616820
0.01607500
0.01587210
0.01621030
0.01560830
0.01605920
0.01542990
0.01548680
0.01527840
0.01638480
0.01552000
0.01671690
0.01507170
0.01583860
0.01572730
0.01549240
0.01564030
0.01571480
0.01517700
0.01585270
0.01666520
0.01606050
0.01570690
0.01629060
0.01581330
0.01609700
0.01599490
0.01693600
0.01563750
0.01572680
0.01561240
0.01655070
0.01607070
0.01602150
0.01595410
0.01603030
0.01573490
0.01628030
0.01566820
0.01564180
0.01778630
0.01804560
0.01516700
0.01621420
0.01584530
0.01715740
0.01603750
0.01661550
0.01603190
0.01570840
0.01538250
0.01596910
0.01652780
0.01712030
0.01673300
0.01647830
0.01583040
0.01672570
0.01576680
0.01603630
0.01575200
0.01631640
0.01579780
0.01613120
0.01596190
0.01597080
0.01648800
