1
56.00,141.00,70.00,270.00
59.00,141.00,70.00,270.00
62.00,140.00,70.00,270.00
65.00,140.00,70.00,270.00
68.00,139.00,70.00,270.00
71.00,139.00,70.00,270.00
74.00,138.00,70.00,270.00
77.00,138.00,70.00,270.00
80.00,138.00,70.00,270.00
83.00,138.00,70.00,270.00
86.00,137.00,70.00,270.00
89.00,137.00,70.00,270.00
92.00,137.00,70.00,270.00
95.00,137.00,70.00,270.00
98.00,137.00,70.00,270.00
100.00,137.00,70.00,270.00
103.00,137.00,70.00,270.00
106.00,137.00,70.00,270.00
109.00,137.00,70.00,270.00
112.00,137.00,70.00,270.00
114.00,137.00,70.00,270.00
117.00,136.00,70.00,270.00
120.00,136.00,70.00,270.00
122.00,136.00,70.00,270.00
125.00,136.00,70.00,270.00
127.00,135.00,70.00,270.00
130.00,135.00,70.00,270.00
133.00,135.00,70.00,270.00
135.00,135.00,70.00,270.00
138.00,134.00,70.00,270.00
140.00,134.00,70.00,270.00
142.00,134.00,70.00,270.00
145.00,133.00,70.00,270.00
147.00,133.00,70.00,270.00
150.00,133.00,70.00,270.00
152.00,132.00,70.00,270.00
155.00,132.00,70.00,270.00
157.00,131.00,70.00,270.00
160.00,131.00,70.00,270.00
162.00,131.00,70.00,270.00
164.00,130.00,70.00,270.00
166.00,130.00,70.00,270.00
168.00,130.00,70.00,270.00
170.00,129.00,70.00,270.00
172.00,129.00,70.00,270.00
174.00,128.00,70.00,270.00
176.00,128.00,70.00,270.00
178.00,128.00,70.00,270.00
179.00,127.00,70.00,270.00
181.00,127.00,70.00,270.00
183.00,126.00,70.00,270.00
185.00,126.00,70.00,270.00
187.00,126.00,70.00,270.00
189.00,125.00,70.00,270.00
191.00,125.00,70.00,270.00
192.00,124.00,70.00,270.00
194.00,124.00,70.00,270.00
196.00,124.00,70.00,270.00
198.00,123.00,70.00,270.00
199.00,123.00,70.00,270.00
201.00,122.00,70.00,270.00
203.00,122.00,70.00,270.00
204.00,122.00,70.00,270.00
206.00,121.00,70.00,270.00
207.00,121.00,70.00,270.00
209.00,120.00,70.00,270.00
210.00,120.00,70.00,270.00
212.00,120.00,70.00,270.00
213.00,119.00,70.00,270.00
214.00,119.00,70.00,270.00
216.00,118.00,70.00,270.00
217.00,118.00,70.00,270.00
218.00,117.00,70.00,270.00
220.00,117.00,70.00,270.00
221.00,116.00,70.00,270.00
223.00,116.00,70.00,270.00
224.00,115.00,70.00,270.00
225.00,115.00,70.00,270.00
227.00,114.00,70.00,270.00
228.00,114.00,70.00,270.00
230.00,113.00,70.00,270.00
231.00,113.00,70.00,270.00
232.00,112.00,70.00,270.00
233.00,112.00,70.00,270.00
235.00,111.00,70.00,270.00
236.00,111.00,70.00,270.00
237.00,110.00,70.00,270.00
238.00,110.00,70.00,270.00
239.00,110.00,70.00,270.00
240.00,109.00,70.00,270.00
241.00,109.00,70.00,270.00
242.00,108.00,70.00,270.00
243.00,108.00,70.00,270.00
244.00,108.00,70.00,270.00
245.00,108.00,70.00,270.00
246.00,107.00,70.00,270.00
247.00,107.00,70.00,270.00
248.00,106.00,70.00,270.00
249.00,106.00,70.00,270.00
251.00,106.00,70.00,270.00
252.00,105.00,70.00,270.00
253.00,105.00,70.00,270.00
254.00,105.00,70.00,270.00
255.00,105.00,70.00,270.00
257.00,104.00,70.00,270.00
258.00,104.00,70.00,270.00
259.00,103.00,70.00,270.00
260.00,103.00,70.00,270.00
261.00,103.00,70.00,270.00
262.00,102.00,70.00,270.00
263.00,102.00,70.00,270.00
264.00,101.00,70.00,270.00
265.00,101.00,70.00,270.00
265.00,101.00,70.00,270.00
266.00,100.00,70.00,270.00
266.00,100.00,70.00,270.00
266.00,99.00,70.00,270.00
267.00,99.00,70.00,270.00
267.00,98.00,70.00,270.00
267.00,97.00,70.00,270.00
268.00,97.00,70.00,270.00
268.00,96.00,70.00,270.00
268.00,96.00,70.00,270.00
268.00,95.00,70.00,270.00
268.00,95.00,70.00,270.00
269.00,94.00,70.00,270.00
269.00,94.00,70.00,270.00
269.00,93.00,70.00,270.00
270.00,93.00,70.00,270.00
270.00,92.00,70.00,270.00
271.00,92.00,70.00,270.00
271.00,91.00,70.00,270.00
271.00,91.00,70.00,270.00
272.00,91.00,70.00,270.00
273.00,90.00,70.00,270.00
273.00,90.00,70.00,270.00
274.00,90.00,70.00,270.00
275.00,89.00,70.00,270.00
276.00,89.00,70.00,270.00
277.00,89.00,70.00,270.00
278.00,88.00,70.00,270.00
279.00,88.00,70.00,270.00
280.00,88.00,70.00,270.00
281.00,88.00,70.00,270.00
282.00,87.00,70.00,270.00
283.00,87.00,70.00,270.00
284.00,87.00,70.00,270.00
285.00,87.00,70.00,270.00
286.00,86.00,70.00,270.00
287.00,86.00,70.00,270.00
287.00,86.00,70.00,270.00
288.00,85.00,70.00,270.00
289.00,85.00,70.00,270.00
289.00,85.00,70.00,270.00
290.00,85.00,70.00,270.00
290.00,85.00,70.00,270.00
291.00,84.00,70.00,270.00
291.00,84.00,70.00,270.00
291.00,84.00,70.00,270.00
292.00,83.00,70.00,270.00
292.00,83.00,70.00,270.00
293.00,83.00,70.00,270.00
293.00,82.00,70.00,270.00
293.00,82.00,70.00,270.00
294.00,81.00,70.00,270.00
294.00,81.00,70.00,270.00
295.00,81.00,70.00,270.00
295.00,80.00,70.00,270.00
296.00,80.00,70.00,270.00
296.00,80.00,70.00,270.00
297.00,79.00,70.00,270.00
298.00,79.00,70.00,270.00
298.00,78.00,70.00,270.00
299.00,78.00,70.00,270.00
299.00,78.00,70.00,270.00
300.00,77.00,70.00,270.00
300.00,77.00,70.00,270.00
301.00,76.00,70.00,270.00
302.00,76.00,70.00,270.00
302.00,75.00,70.00,270.00
303.00,75.00,70.00,270.00
303.00,75.00,70.00,270.00
304.00,74.00,70.00,270.00
304.00,74.00,70.00,270.00
305.00,74.00,70.00,270.00
305.00,74.00,70.00,270.00
306.00,73.00,70.00,270.00
306.00,73.00,70.00,270.00
307.00,73.00,70.00,270.00
307.00,73.00,70.00,270.00
308.00,73.00,70.00,270.00
308.00,73.00,70.00,270.00
309.00,73.00,70.00,270.00
309.00,73.00,70.00,270.00
310.00,73.00,70.00,270.00
311.00,72.00,70.00,270.00
311.00,72.00,70.00,270.00
312.00,72.00,70.00,270.00
312.00,72.00,70.00,270.00
312.00,72.00,70.00,270.00
313.00,72.00,70.00,270.00
313.00,71.00,70.00,270.00
313.00,71.00,70.00,270.00
314.00,71.00,70.00,270.00
314.00,71.00,70.00,270.00
314.00,70.00,70.00,270.00
314.00,70.00,70.00,270.00
315.00,70.00,70.00,270.00
315.00,70.00,70.00,270.00
315.00,69.00,70.00,270.00
315.00,69.00,70.00,270.00
316.00,69.00,70.00,270.00
316.00,68.00,70.00,270.00
316.00,68.00,70.00,270.00
316.00,68.00,70.00,270.00
316.00,67.00,70.00,270.00
316.00,67.00,70.00,270.00
316.00,67.00,70.00,270.00
317.00,66.00,70.00,270.00
317.00,66.00,70.00,270.00
317.00,66.00,70.00,270.00
317.00,65.00,70.00,270.00
317.00,65.00,70.00,270.00
318.00,65.00,70.00,270.00
318.00,65.00,70.00,270.00
318.00,64.00,70.00,270.00
318.00,64.00,70.00,270.00
318.00,64.00,70.00,270.00
318.00,63.00,70.00,270.00
318.00,63.00,70.00,270.00
318.00,63.00,70.00,270.00
318.00,63.00,70.00,270.00
318.00,63.00,70.00,270.00
319.00,63.00,70.00,270.00
319.00,63.00,70.00,270.00
319.00,63.00,70.00,270.00
319.00,62.00,70.00,270.00
319.00,62.00,70.00,270.00
319.00,62.00,70.00,270.00
319.00,62.00,70.00,270.00
319.00,62.00,70.00,270.00
319.00,62.00,70.00,270.00
319.00,62.00,70.00,270.00
319.00,62.00,70.00,270.00
319.00,62.00,70.00,270.00
319.00,62.00,70.00,270.00
319.00,62.00,70.00,270.00
319.00,62.00,70.00,270.00
319.00,62.00,70.00,270.00
319.00,62.00,70.00,270.00
319.00,62.00,70.00,270.00
319.00,62.00,70.00,270.00
319.00,62.00,70.00,270.00
319.00,62.00,70.00,270.00
319.00,62.00,70.00,270.00
319.00,62.00,70.00,270.00
319.00,62.00,70.00,270.00
319.00,62.00,70.00,270.00
319.00,61.00,70.00,270.00
319.00,61.00,70.00,270.00
319.00,61.00,70.00,270.00
319.00,61.00,70.00,270.00
319.00,61.00,70.00,270.00
319.00,61.00,70.00,270.00
319.00,61.00,70.00,270.00
319.00,61.00,70.00,270.00
319.00,61.00,70.00,270.00
320.00,60.00,70.00,270.00
320.00,60.00,70.00,270.00
320.00,60.00,70.00,270.00
320.00,60.00,70.00,270.00
320.00,59.00,70.00,270.00
320.00,59.00,70.00,270.00
320.00,59.00,70.00,270.00
320.00,59.00,70.00,270.00
320.00,59.00,70.00,270.00
320.00,59.00,70.00,270.00
320.00,59.00,70.00,270.00
320.00,59.00,70.00,270.00
320.00,58.00,70.00,270.00
320.00,58.00,70.00,270.00
320.00,58.00,70.00,270.00
320.00,58.00,70.00,270.00
321.00,58.00,70.00,270.00
321.00,58.00,70.00,270.00
321.00,57.00,70.00,270.00
321.00,57.00,70.00,270.00
321.00,57.00,70.00,270.00
321.00,57.00,70.00,270.00
321.00,57.00,70.00,270.00
321.00,57.00,70.00,270.00
321.00,57.00,70.00,270.00
321.00,57.00,70.00,270.00
321.00,57.00,70.00,270.00
321.00,57.00,70.00,270.00
321.00,57.00,70.00,270.00
321.00,57.00,70.00,270.00
321.00,57.00,70.00,270.00
321.00,57.00,70.00,270.00
321.00,57.00,70.00,270.00
321.00,57.00,70.00,270.00
321.00,57.00,70.00,270.00
321.00,57.00,70.00,270.00
321.00,57.00,70.00,270.00
321.00,57.00,70.00,270.00
321.00,57.00,70.00,270.00
321.00,56.00,70.00,270.00
321.00,56.00,70.00,270.00
321.00,56.00,70.00,270.00
321.00,56.00,70.00,270.00
321.00,56.00,70.00,270.00
321.00,56.00,70.00,270.00
321.00,55.00,70.00,270.00
321.00,55.00,70.00,270.00
320.00,55.00,70.00,270.00
320.00,55.00,70.00,270.00
320.00,55.00,70.00,270.00
320.00,55.00,70.00,270.00
320.00,55.00,70.00,270.00
320.00,55.00,70.00,270.00
320.00,55.00,70.00,270.00
320.00,54.00,70.00,270.00
319.00,54.00,70.00,270.00
319.00,54.00,70.00,270.00
319.00,54.00,70.00,270.00
319.00,54.00,70.00,270.00
319.00,54.00,70.00,270.00
319.00,54.00,70.00,270.00
319.00,54.00,70.00,270.00
319.00,54.00,70.00,270.00
319.00,54.00,70.00,270.00
319.00,54.00,70.00,270.00
319.00,54.00,70.00,270.00
319.00,54.00,70.00,270.00
319.00,54.00,70.00,270.00
319.00,54.00,70.00,270.00
319.00,54.00,70.00,270.00
319.00,54.00,70.00,270.00
319.00,54.00,70.00,270.00
319.00,54.00,70.00,270.00
319.00,54.00,70.00,270.00
319.00,54.00,70.00,270.00
319.00,54.00,70.00,270.00
319.00,53.00,70.00,270.00
319.00,53.00,70.00,270.00
319.00,53.00,70.00,270.00
320.00,53.00,70.00,270.00
320.00,53.00,70.00,270.00
320.00,53.00,70.00,270.00
320.00,53.00,70.00,270.00
