0.00375840
0.00474320
0.00381350
0.00000000
0.00000000
0.00000000
0.00000000
0.00104110
0.00141530
0.00137600
0.00109060
0.00143560
0.00178350
0.00165760
0.00167320
0.00159080
0.00155490
0.00107600
0.00109450
0.00105100
0.00128500
0.00128590
0.00100030
0.00099240
0.00099900
0.00101370
0.00098770
0.00097390
0.00096670
0.00103280
0.00100500
0.00097590
0.00096730
0.00097420
0.00098300
0.00100230
0.00100660
0.00100350
0.00098390
0.00098300
0.00100740
0.00098800
0.00099270
0.00099960
0.00099250
0.00098640
0.00097740
0.00097530
0.00098670
0.00098290
0.00097300
0.00100460
0.00100010
0.00098170
0.00098580
0.00098700
0.00097770
0.00098360
0.00097360
0.00097380
0.00097660
0.00101290
0.00102020
0.00099700
0.00097680
0.00097720
0.00098460
0.00097470
0.00098050
0.00098320
0.00099040
0.00097940
0.00101050
0.00103760
0.00100450
0.00099460
0.00098300
0.00097910
0.00097790
0.00100260
0.00099910
0.00098830
0.00097150
0.00097800
0.00099670
0.00097970
0.00098460
0.00098870
0.00097660
0.00099670
0.00097870
0.00097160
0.00097610
0.00098410
0.00097940
0.00099570
0.00098400
0.00098040
0.00097770
0.00098540
0.00097420
0.00097900
0.00097620
0.00097640
0.00097850
0.00099120
0.00112920
0.00099250
0.00098820
0.00100490
0.00099000
0.00098240
0.00098250
0.00098480
0.00097590
0.00100150
0.00101250
0.00099640
0.00098020
0.00098020
0.00097570
0.00097750
0.00097110
0.00099740
0.00098820
0.00098620
0.00098220
0.00098230
0.00097320
0.00098210
0.00096940
0.00098350
0.00098350
0.00102040
0.00098980
0.00098010
0.00098200
0.00098690
0.00100640
0.00098210
0.00099460
0.00097640
0.00099670
0.00098350
0.00099460
0.00115820
0.00128560
0.00103560
0.00098730
0.00100320
0.00100180
0.00108390
0.00101180
0.00099030
0.00097370
0.00097460
0.00112180
0.00120950
0.00103270
0.00100950
0.00101770
0.00098490
0.00097860
0.00096830
0.00098540
0.00098710
0.00097570
0.00109060
0.00122280
0.00103620
0.00108910
0.00103870
0.00101770
0.00100340
0.00097740
0.00097230
0.00096870
0.00099220
0.00113340
0.00126930
0.00109300
0.00099420
0.00098970
0.00098670
0.00099980
0.00098100
0.00107170
0.00100590
0.00098210
0.00111790
0.00121050
0.00106580
0.00101210
0.00098340
0.00099430
0.00098250
0.00096990
0.00097820
0.00098490
0.00098320
0.00109330
0.00125050
0.00101160
0.00104550
0.00098250
0.00098340
0.00100560
0.00099980
0.00099180
0.00098800
0.00098960
0.00109760
0.00130280
0.00103170
0.00100850
0.00102090
0.00099780
0.00098040
0.00097340
0.00097560
0.00098950
0.00098950
0.00113440
0.00122440
0.00102870
0.00097940
0.00099150
0.00098190
0.00099110
0.00107130
0.00100620
0.00102650
0.00098970
0.00110030
0.00128150
0.00103600
0.00102350
0.00107350
0.00103040
0.00100120
0.00098690
0.00097530
0.00097890
0.00099210
0.00109400
0.00121120
0.00106890
0.00097810
0.00099830
0.00101490
0.00104060
0.00103370
0.00101690
0.00098880
0.00100560
0.00111210
0.00122330
0.00104100
0.00101020
0.00097800
0.00099000
0.00137530
0.00178020
0.00161860
0.00147740
0.00109140
0.00123640
0.00130800
0.00114460
0.00119090
0.00109000
0.00105570
0.00108720
0.00105860
0.00109730
0.00108600
0.00113340
0.00123120
0.00140570
0.00167830
0.00168020
0.00161240
0.00161130
0.00129690
0.00099840
0.00099470
0.00098190
0.00097640
0.00097870
0.00097300
0.00101360
0.00099400
0.00097720
0.00097660
0.00097620
0.00097630
0.00099050
0.00098140
0.00097870
0.00100180
0.00098370
0.00097300
0.00098530
0.00098510
0.00098700
0.00098290
0.00097720
0.00096830
0.00104200
0.00097780
0.00096750
0.00098650
0.00099360
0.00103490
0.00099730
0.00103710
0.00102680
0.00100420
0.00098820
0.00098870
0.00098460
0.00098340
0.00096260
0.00096970
0.00097200
0.00096800
0.00098990
0.00099000
0.00097590
0.00098040
0.00098100
0.00097580
0.00097380
0.00097860
0.00104700
0.00098280
0.00099110
0.00098670
0.00097620
0.00097730
0.00096550
0.00098110
0.00098210
0.00099770
0.00126160
0.00130060
0.00101560
0.00097930
0.00102840
0.00102020
0.00099690
0.00101290
0.00099040
0.00098100
0.00100880
0.00098440
0.00096780
0.00096660
0.00096690
0.00101650
0.00098740
0.00098320
0.00097500
0.00097500
0.00096430
0.00097250
0.00097080
0.00096970
0.00099640
0.00098460
0.00097630
0.00096690
0.00096530
0.00096400
0.00097650
0.00112350
0.00126790
0.00120790
0.00110430
0.00101970
0.00102350
0.00099200
0.00099530
0.00100060
0.00098230
0.00104600
0.00100860
0.00098420
0.00096870
0.00097260
0.00097250
0.00098380
0.00098240
0.00097420
0.00098880
0.00098910
0.00097790
0.00098270
0.00098000
0.00097820
0.00096420
0.00097020
0.00097420
0.00099950
