1
205.00,115.00,29.00,103.00
203.00,114.00,29.00,103.00
202.00,113.00,29.00,103.00
201.00,112.00,29.00,103.00
200.00,111.00,29.00,103.00
201.00,109.00,29.00,103.00
202.00,108.00,29.00,103.00
203.00,107.00,29.00,103.00
205.00,106.00,29.00,103.00
206.00,104.00,29.00,103.00
209.00,104.00,29.00,103.00
212.00,104.00,29.00,103.00
213.00,105.00,29.00,103.00
212.00,106.00,29.00,103.00
211.00,106.00,29.00,103.00
210.00,106.00,29.00,103.00
209.00,105.00,29.00,103.00
208.00,103.00,29.00,103.00
207.00,102.00,29.00,103.00
208.00,101.00,29.00,103.00
209.00,100.00,29.00,103.00
210.00,99.00,29.00,103.00
210.00,99.00,29.00,103.00
211.00,99.00,29.00,103.00
212.00,99.00,29.00,103.00
212.00,99.00,29.00,103.00
212.00,98.00,29.00,103.00
212.00,97.00,29.00,103.00
212.00,96.00,29.00,103.00
213.00,94.00,29.00,103.00
214.00,93.00,29.00,103.00
215.00,94.00,29.00,103.00
216.00,94.00,29.00,103.00
217.00,94.00,29.00,103.00
216.00,93.00,29.00,103.00
243.00,94.00,29.00,103.00
2
0
0
0
0
1
219.00,103.00,29.00,103.00
220.00,105.00,29.00,103.00
219.00,106.00,29.00,103.00
218.00,107.00,29.00,103.00
218.00,108.00,29.00,103.00
217.00,109.00,29.00,103.00
2
0
0
0
0
1
197.00,99.00,29.00,103.00
196.00,98.00,29.00,103.00
195.00,98.00,29.00,103.00
196.00,101.00,29.00,103.00
196.00,103.00,29.00,103.00
197.00,103.00,29.00,103.00
199.00,105.00,29.00,103.00
200.00,107.00,29.00,103.00
202.00,108.00,29.00,103.00
202.00,107.00,29.00,103.00
200.00,107.00,29.00,103.00
199.00,106.00,29.00,103.00
200.00,105.00,29.00,103.00
202.00,104.00,29.00,103.00
205.00,103.00,29.00,103.00
211.00,103.00,29.00,103.00
220.00,101.00,29.00,103.00
225.00,94.00,29.00,103.00
225.00,91.00,29.00,103.00
222.00,91.00,29.00,103.00
216.00,90.00,29.00,103.00
208.00,93.00,29.00,103.00
201.00,95.00,29.00,103.00
198.00,91.00,29.00,103.00
199.00,89.00,29.00,103.00
193.00,86.00,29.00,103.00
193.00,79.00,29.00,103.00
196.00,73.00,29.00,103.00
198.00,69.00,29.00,103.00
199.00,66.00,29.00,103.00
200.00,64.00,29.00,103.00
202.00,62.00,29.00,103.00
204.00,65.00,29.00,103.00
205.00,67.00,29.00,103.00
2
0
0
0
0
1
207.00,105.00,29.00,94.00
209.00,109.00,29.00,94.00
209.00,114.00,29.00,94.00
207.00,120.00,29.00,94.00
206.00,124.00,29.00,94.00
206.00,126.00,29.00,94.00
206.00,128.00,29.00,94.00
205.00,130.00,29.00,94.00
205.00,131.00,29.00,94.00
206.00,131.00,29.00,94.00
204.00,130.00,29.00,94.00
203.00,130.00,29.00,94.00
204.00,129.00,29.00,94.00
205.00,127.00,29.00,94.00
206.00,124.00,29.00,94.00
208.00,122.00,29.00,94.00
2
0
0
0
0
1
206.00,118.00,29.00,93.00
210.00,119.00,29.00,93.00
214.00,120.00,29.00,93.00
218.00,122.00,29.00,93.00
222.00,123.00,29.00,93.00
226.00,124.00,29.00,93.00
231.00,126.00,29.00,93.00
236.00,127.00,29.00,93.00
2
0
0
0
0
1
221.00,125.00,29.00,93.00
222.00,126.00,29.00,93.00
223.00,127.00,29.00,93.00
224.00,127.00,29.00,93.00
224.00,128.00,29.00,93.00
225.00,128.00,29.00,93.00
225.00,129.00,29.00,93.00
228.00,128.00,29.00,93.00
230.00,128.00,29.00,93.00
2
0
0
0
0
1
229.00,119.00,29.00,93.00
230.00,121.00,29.00,93.00
2
0
0
0
0
1
229.00,110.00,29.00,93.00
229.00,110.00,29.00,93.00
229.00,110.00,29.00,93.00
229.00,110.00,29.00,93.00
228.00,110.00,29.00,93.00
229.00,109.00,29.00,93.00
230.00,108.00,29.00,93.00
231.00,108.00,29.00,93.00
232.00,106.00,29.00,93.00
2
0
0
0
0
1
229.00,105.00,29.00,93.00
228.00,105.00,29.00,93.00
226.00,106.00,29.00,93.00
224.00,105.00,29.00,93.00
223.00,104.00,29.00,93.00
221.00,104.00,29.00,93.00
219.00,103.00,29.00,93.00
217.00,103.00,29.00,93.00
215.00,103.00,29.00,93.00
214.00,103.00,29.00,93.00
213.00,103.00,29.00,93.00
212.00,102.00,29.00,93.00
211.00,102.00,29.00,93.00
211.00,102.00,29.00,93.00
210.00,102.00,29.00,93.00
210.00,101.00,29.00,93.00
210.00,101.00,29.00,93.00
210.00,100.00,29.00,93.00
210.00,101.00,29.00,93.00
211.00,102.00,29.00,93.00
210.00,103.00,29.00,93.00
209.00,105.00,29.00,93.00
209.00,106.00,29.00,93.00
210.00,107.00,29.00,93.00
209.00,107.00,29.00,93.00
209.00,107.00,29.00,93.00
209.00,107.00,29.00,93.00
210.00,106.00,29.00,93.00
191.00,102.00,29.00,93.00
2
0
0
0
0
1
208.00,107.00,29.00,92.00
206.00,107.00,29.00,92.00
206.00,107.00,29.00,92.00
205.00,106.00,29.00,92.00
205.00,106.00,29.00,92.00
225.00,110.00,29.00,92.00
228.00,114.00,29.00,92.00
2
0
0
0
0
1
202.00,130.00,29.00,93.00
201.00,131.00,29.00,93.00
201.00,132.00,29.00,93.00
202.00,132.00,29.00,93.00
201.00,132.00,29.00,93.00
202.00,132.00,29.00,93.00
214.00,169.00,29.00,93.00
215.00,169.00,29.00,93.00
217.00,169.00,29.00,93.00
2
0
0
0
0
1
198.00,134.00,29.00,93.00
195.00,132.00,29.00,93.00
192.00,131.00,29.00,93.00
190.00,131.00,29.00,93.00
189.00,131.00,29.00,93.00
187.00,132.00,29.00,93.00
186.00,132.00,29.00,93.00
186.00,132.00,29.00,93.00
186.00,133.00,29.00,93.00
188.00,132.00,29.00,93.00
188.00,132.00,29.00,93.00
189.00,132.00,29.00,93.00
191.00,132.00,29.00,93.00
195.00,131.00,29.00,93.00
198.00,131.00,29.00,93.00
201.00,131.00,29.00,93.00
203.00,131.00,29.00,93.00
205.00,131.00,29.00,93.00
205.00,131.00,29.00,93.00
206.00,130.00,29.00,93.00
205.00,129.00,29.00,93.00
206.00,127.00,29.00,93.00
207.00,125.00,29.00,93.00
208.00,122.00,29.00,93.00
208.00,120.00,29.00,93.00
208.00,117.00,29.00,93.00
209.00,117.00,29.00,93.00
206.00,116.00,29.00,93.00
205.00,116.00,29.00,93.00
204.00,116.00,29.00,93.00
205.00,116.00,29.00,93.00
202.00,116.00,29.00,93.00
201.00,116.00,29.00,93.00
200.00,116.00,29.00,93.00
200.00,118.00,29.00,93.00
198.00,118.00,29.00,93.00
198.00,119.00,29.00,93.00
200.00,119.00,29.00,93.00
198.00,119.00,29.00,93.00
198.00,118.00,29.00,93.00
197.00,119.00,29.00,93.00
195.00,120.00,29.00,93.00
193.00,119.00,29.00,93.00
190.00,120.00,29.00,93.00
188.00,118.00,29.00,93.00
187.00,118.00,29.00,93.00
185.00,116.00,29.00,93.00
183.00,115.00,29.00,93.00
181.00,114.00,29.00,93.00
180.00,113.00,29.00,93.00
179.00,112.00,29.00,93.00
176.00,111.00,29.00,93.00
174.00,110.00,29.00,93.00
173.00,107.00,29.00,93.00
173.00,106.00,29.00,93.00
2
0
0
0
0
1
171.00,100.00,29.00,93.00
170.00,98.00,29.00,93.00
171.00,96.00,29.00,93.00
170.00,96.00,29.00,93.00
169.00,95.00,29.00,93.00
167.00,94.00,29.00,93.00
165.00,94.00,29.00,93.00
163.00,93.00,29.00,93.00
161.00,93.00,29.00,93.00
159.00,92.00,29.00,93.00
157.00,92.00,29.00,93.00
157.00,91.00,29.00,93.00
156.00,90.00,29.00,93.00
154.00,90.00,29.00,93.00
154.00,90.00,29.00,93.00
2
0
0
0
0
1
142.00,94.00,28.00,71.00
143.00,92.00,28.00,71.00
142.00,91.00,28.00,71.00
142.00,90.00,28.00,71.00
141.00,90.00,28.00,71.00
141.00,90.00,28.00,71.00
139.00,90.00,28.00,71.00
139.00,90.00,28.00,71.00
137.00,91.00,28.00,71.00
136.00,91.00,28.00,71.00
136.00,90.00,28.00,71.00
135.00,89.00,28.00,71.00
135.00,89.00,28.00,71.00
135.00,88.00,28.00,71.00
135.00,89.00,28.00,71.00
135.00,89.00,28.00,71.00
136.00,90.00,28.00,71.00
137.00,92.00,28.00,71.00
138.00,96.00,28.00,71.00
139.00,100.00,28.00,71.00
140.00,104.00,28.00,71.00
141.00,107.00,28.00,71.00
143.00,109.00,28.00,71.00
144.00,110.00,28.00,71.00
150.00,106.00,28.00,71.00
161.00,104.00,28.00,71.00
170.00,103.00,28.00,71.00
173.00,101.00,28.00,71.00
175.00,98.00,28.00,71.00
169.00,102.00,28.00,71.00
171.00,102.00,28.00,71.00
170.00,102.00,28.00,71.00
166.00,103.00,28.00,71.00
163.00,103.00,28.00,71.00
159.00,103.00,28.00,71.00
156.00,102.00,28.00,71.00
153.00,102.00,28.00,71.00
151.00,101.00,28.00,71.00
149.00,100.00,28.00,71.00
148.00,101.00,28.00,71.00
147.00,101.00,28.00,71.00
144.00,101.00,28.00,71.00
143.00,102.00,28.00,71.00
143.00,106.00,28.00,71.00
143.00,106.00,28.00,71.00
143.00,107.00,28.00,71.00
140.00,107.00,28.00,71.00
137.00,105.00,28.00,71.00
139.00,96.00,28.00,71.00
142.00,92.00,28.00,71.00
143.00,91.00,28.00,71.00
143.00,90.00,28.00,71.00
146.00,90.00,28.00,71.00
154.00,92.00,28.00,71.00
159.00,93.00,28.00,71.00
160.00,96.00,28.00,71.00
163.00,100.00,28.00,71.00
164.00,104.00,28.00,71.00
164.00,108.00,28.00,71.00
164.00,112.00,28.00,71.00
164.00,115.00,28.00,71.00
164.00,116.00,28.00,71.00
164.00,116.00,28.00,71.00
165.00,117.00,28.00,71.00
2
0
0
0
0
1
151.00,123.00,33.00,96.00
151.00,120.00,33.00,96.00
151.00,116.00,33.00,96.00
152.00,111.00,33.00,96.00
152.00,106.00,33.00,96.00
153.00,102.00,33.00,96.00
156.00,97.00,33.00,96.00
180.00,97.00,33.00,96.00
186.00,94.00,33.00,96.00
192.00,92.00,33.00,96.00
194.00,92.00,33.00,96.00
2
0
0
0
0
1
154.00,102.00,33.00,90.00
151.00,107.00,33.00,90.00
146.00,112.00,33.00,90.00
142.00,117.00,33.00,90.00
139.00,121.00,33.00,90.00
135.00,125.00,33.00,90.00
133.00,128.00,33.00,90.00
2
0
0
0
0
1
144.00,112.00,33.00,90.00
146.00,109.00,33.00,90.00
149.00,106.00,33.00,90.00
151.00,104.00,33.00,90.00
152.00,103.00,33.00,90.00
153.00,101.00,33.00,90.00
154.00,98.00,33.00,90.00
154.00,96.00,33.00,90.00
155.00,94.00,33.00,90.00
156.00,92.00,33.00,90.00
156.00,90.00,33.00,90.00
156.00,90.00,33.00,90.00
155.00,90.00,33.00,90.00
153.00,90.00,33.00,90.00
151.00,91.00,33.00,90.00
149.00,91.00,33.00,90.00
148.00,91.00,33.00,90.00
146.00,92.00,33.00,90.00
143.00,91.00,33.00,90.00
141.00,91.00,33.00,90.00
140.00,89.00,33.00,90.00
138.00,89.00,33.00,90.00
137.00,87.00,33.00,90.00
137.00,86.00,33.00,90.00
138.00,85.00,33.00,90.00
138.00,84.00,33.00,90.00
139.00,81.00,33.00,90.00
140.00,79.00,33.00,90.00
141.00,77.00,33.00,90.00
142.00,76.00,33.00,90.00
142.00,75.00,33.00,90.00
144.00,75.00,33.00,90.00
145.00,74.00,33.00,90.00
147.00,73.00,33.00,90.00
150.00,74.00,33.00,90.00
156.00,74.00,33.00,90.00
158.00,77.00,33.00,90.00
157.00,85.00,33.00,90.00
158.00,89.00,33.00,90.00
159.00,93.00,33.00,90.00
158.00,98.00,33.00,90.00
158.00,100.00,33.00,90.00
159.00,100.00,33.00,90.00
159.00,101.00,33.00,90.00
159.00,101.00,33.00,90.00
160.00,101.00,33.00,90.00
160.00,102.00,33.00,90.00
161.00,101.00,33.00,90.00
160.00,103.00,33.00,90.00
160.00,106.00,33.00,90.00
156.00,109.00,33.00,90.00
153.00,112.00,33.00,90.00
151.00,114.00,33.00,90.00
149.00,115.00,33.00,90.00
149.00,116.00,33.00,90.00
148.00,117.00,33.00,90.00
146.00,118.00,33.00,90.00
146.00,118.00,33.00,90.00
146.00,118.00,33.00,90.00
147.00,118.00,33.00,90.00
148.00,118.00,33.00,90.00
148.00,118.00,33.00,90.00
150.00,118.00,33.00,90.00
152.00,117.00,33.00,90.00
153.00,117.00,33.00,90.00
147.00,119.00,33.00,90.00
147.00,117.00,33.00,90.00
147.00,113.00,33.00,90.00
147.00,112.00,33.00,90.00
149.00,108.00,33.00,90.00
148.00,106.00,33.00,90.00
148.00,103.00,33.00,90.00
148.00,102.00,33.00,90.00
150.00,99.00,33.00,90.00
153.00,96.00,33.00,90.00
156.00,94.00,33.00,90.00
157.00,92.00,33.00,90.00
158.00,90.00,33.00,90.00
159.00,88.00,33.00,90.00
159.00,87.00,33.00,90.00
159.00,87.00,33.00,90.00
159.00,86.00,33.00,90.00
159.00,85.00,33.00,90.00
159.00,85.00,33.00,90.00
160.00,85.00,33.00,90.00
161.00,85.00,33.00,90.00
162.00,86.00,33.00,90.00
164.00,85.00,33.00,90.00
165.00,85.00,33.00,90.00
160.00,88.00,33.00,90.00
160.00,87.00,33.00,90.00
161.00,85.00,33.00,90.00
163.00,83.00,33.00,90.00
162.00,82.00,33.00,90.00
160.00,82.00,33.00,90.00
159.00,81.00,33.00,90.00
157.00,81.00,33.00,90.00
155.00,81.00,33.00,90.00
152.00,82.00,33.00,90.00
150.00,83.00,33.00,90.00
148.00,83.00,33.00,90.00
145.00,83.00,33.00,90.00
142.00,83.00,33.00,90.00
139.00,83.00,33.00,90.00
137.00,82.00,33.00,90.00
135.00,81.00,33.00,90.00
133.00,80.00,33.00,90.00
132.00,80.00,33.00,90.00
132.00,79.00,33.00,90.00
132.00,79.00,33.00,90.00
132.00,78.00,33.00,90.00
131.00,79.00,33.00,90.00
125.00,83.00,33.00,90.00
124.00,83.00,33.00,90.00
123.00,82.00,33.00,90.00
123.00,82.00,33.00,90.00
125.00,81.00,33.00,90.00
126.00,81.00,33.00,90.00
126.00,83.00,33.00,90.00
128.00,86.00,33.00,90.00
130.00,92.00,33.00,90.00
132.00,98.00,33.00,90.00
135.00,103.00,33.00,90.00
140.00,108.00,33.00,90.00
147.00,112.00,33.00,90.00
148.00,113.00,33.00,90.00
148.00,114.00,33.00,90.00
149.00,113.00,33.00,90.00
148.00,110.00,33.00,90.00
146.00,106.00,33.00,90.00
145.00,103.00,33.00,90.00
146.00,99.00,33.00,90.00
146.00,94.00,33.00,90.00
146.00,89.00,33.00,90.00
147.00,87.00,33.00,90.00
148.00,84.00,33.00,90.00
140.00,86.00,33.00,90.00
140.00,85.00,33.00,90.00
140.00,84.00,33.00,90.00
138.00,82.00,33.00,90.00
132.00,79.00,33.00,90.00
125.00,76.00,33.00,90.00
120.00,73.00,33.00,90.00
113.00,69.00,33.00,90.00
109.00,65.00,33.00,90.00
109.00,59.00,33.00,90.00
104.00,48.00,33.00,90.00
126.00,41.00,33.00,90.00
151.00,34.00,33.00,90.00
188.00,32.00,33.00,90.00
2
0
0
0
0
1
237.00,27.00,51.00,148.00
234.00,29.00,51.00,148.00
229.00,35.00,51.00,148.00
234.00,49.00,51.00,148.00
234.00,56.00,51.00,148.00
231.00,62.00,51.00,148.00
223.00,75.00,51.00,148.00
212.00,89.00,51.00,148.00
197.00,99.00,51.00,148.00
187.00,103.00,51.00,148.00
180.00,101.00,51.00,148.00
175.00,96.00,51.00,148.00
169.00,94.00,51.00,148.00
165.00,92.00,51.00,148.00
167.00,88.00,51.00,148.00
171.00,85.00,51.00,148.00
173.00,81.00,51.00,148.00
177.00,76.00,51.00,148.00
183.00,75.00,51.00,148.00
187.00,77.00,51.00,148.00
187.00,79.00,51.00,148.00
186.00,79.00,51.00,148.00
185.00,84.00,51.00,148.00
180.00,89.00,51.00,148.00
177.00,91.00,51.00,148.00
178.00,93.00,51.00,148.00
173.00,96.00,51.00,148.00
