0.00001350
0.00210410
0.00223820
0.00193710
0.00208340
0.00195400
0.00222420
0.00217110
0.00223000
0.00217280
0.00224160
0.00219890
0.00228190
0.00215930
0.00222010
0.00223910
0.00224260
0.00225520
0.00221940
0.00214580
0.00220200
0.00224070
0.00226280
0.00220290
0.00228020
0.00215710
0.00225490
0.00216490
0.00228700
0.00227300
0.00221380
0.00216220
0.00221920
0.00221280
0.00230170
0.00222130
0.00230670
0.00200190
0.00000000
0.00000000
0.00000000
0.00000000
0.00001090
0.00221840
0.00216740
0.00235050
0.00231350
0.00227560
0.00230870
0.00222440
0.00000000
0.00000000
0.00000000
0.00000000
0.00001000
0.00218110
0.00208110
0.00216300
0.00230710
0.00218030
0.00231230
0.00206890
0.00232990
0.00208660
0.00222120
0.00229370
0.00205910
0.00221990
0.00201190
0.00211270
0.00220380
0.00203710
0.00224070
0.00198290
0.00206410
0.00199020
0.00206830
0.00221260
0.00198520
0.00204050
0.00200920
0.00210710
0.00222950
0.00203080
0.00234650
0.00197620
0.00201700
0.00197470
0.00205500
0.00221170
0.00000000
0.00000000
0.00000000
0.00000000
0.00004630
0.00176390
0.00144630
0.00154740
0.00177840
0.00170210
0.00169960
0.00160570
0.00160370
0.00186840
0.00179460
0.00161770
0.00170590
0.00175330
0.00170780
0.00164750
0.00182910
0.00158930
0.00000000
0.00000000
0.00000000
0.00000000
0.00001000
0.00165090
0.00174590
0.00156960
0.00162820
0.00175680
0.00157730
0.00165640
0.00174860
0.00157150
0.00000000
0.00000000
0.00000000
0.00000000
0.00000910
0.00163810
0.00182640
0.00158060
0.00162420
0.00167120
0.00176020
0.00156960
0.00172700
0.00161210
0.00164750
0.00000000
0.00000000
0.00000000
0.00000000
0.00004490
0.00169980
0.00193050
0.00169230
0.00000000
0.00000000
0.00000000
0.00000000
0.00001240
0.00181040
0.00160270
0.00166650
0.00177250
0.00170800
0.00180000
0.00163600
0.00161980
0.00160050
0.00157360
0.00000000
0.00000000
0.00000000
0.00000000
0.00003550
0.00225790
0.00236370
0.00161850
0.00183490
0.00171080
0.00172740
0.00164470
0.00165840
0.00164590
0.00161350
0.00167360
0.00189420
0.00167080
0.00170930
0.00165990
0.00165210
0.00168620
0.00166830
0.00167400
0.00167630
0.00165360
0.00183530
0.00172380
0.00171480
0.00168640
0.00166450
0.00176020
0.00182550
0.00168280
0.00168390
0.00000000
0.00000000
0.00000000
0.00000000
0.00001280
0.00165930
0.00171140
0.00175280
0.00179870
0.00167190
0.00166400
0.00166830
0.00164930
0.00000000
0.00000000
0.00000000
0.00000000
0.00005620
0.00178140
0.00148480
0.00163010
0.00179240
0.00185810
0.00174350
0.00165040
0.00151450
0.00128610
0.00160930
0.00000000
0.00000000
0.00000000
0.00000000
0.00001120
0.00178520
0.00148270
0.00124750
0.00122690
0.00173540
0.00129530
0.00120550
0.00118780
0.00166670
0.00133830
0.00130920
0.00128160
0.00127820
0.00126150
0.00127970
0.00171770
0.00124520
0.00119070
0.00119900
0.00119460
0.00118980
0.00122700
0.00119420
0.00119600
0.00119330
0.00118250
0.00172050
0.00122150
0.00118970
0.00117020
0.00117140
0.00171120
0.00124040
0.00117360
0.00116820
0.00164710
0.00202350
0.00169160
0.00118740
0.00118950
0.00118750
0.00123060
0.00122390
0.00122640
0.00120100
0.00118510
0.00118330
0.00177620
0.00126560
0.00117470
0.00116340
0.00116410
0.00117540
0.00116540
0.00119290
0.00117680
0.00000000
0.00000000
0.00000000
0.00000000
0.00007460
0.00151210
0.00144750
0.00175130
0.00177400
0.00170440
0.00164000
0.00163460
0.00171320
0.00173420
0.00172620
0.00165920
0.00163930
0.00168870
0.00183830
0.00164200
0.00165830
0.00000000
0.00000000
0.00000000
0.00000000
0.00001000
0.00082510
0.00095170
0.00092210
0.00082680
0.00067950
0.00067150
0.00067880
0.00070000
0.00069240
0.00068870
0.00068060
0.00066920
0.00066920
0.00106920
0.00071830
0.00072170
0.00066790
0.00068100
0.00068140
0.00067980
0.00068430
0.00066990
0.00066940
0.00067960
0.00067040
0.00066850
0.00067330
0.00069100
0.00078950
0.00066930
0.00067040
0.00066890
0.00069470
0.00069880
0.00067820
0.00067030
0.00067030
0.00067390
0.00065310
0.00066710
0.00064550
0.00063940
0.00064000
0.00064910
0.00070570
0.00068820
0.00065960
0.00068360
0.00064580
0.00065030
0.00064890
0.00066070
0.00068250
0.00073070
0.00064180
0.00064520
0.00071030
0.00072200
0.00070750
0.00070990
0.00076480
0.00095010
0.00070810
0.00065140
0.00063960
0.00000000
0.00000000
0.00000000
0.00000000
0.00013910
0.00162480
0.00166700
0.00136410
0.00137540
0.00131750
0.00163960
0.00136180
0.00130670
0.00132350
0.00164870
0.00188600
0.00136780
0.00000000
0.00000000
0.00000000
0.00000000
0.00001450
0.00135320
0.00161920
0.00150160
0.00154140
0.00136450
0.00134710
0.00129160
0.00146280
0.00000000
0.00000000
0.00000000
0.00000000
0.00001000
0.00146280
0.00132820
0.00130370
0.00141950
0.00147400
0.00133200
0.00126180
0.00141070
0.00145020
0.00134220
0.00126580
0.00134200
0.00125930
0.00133590
0.00126830
0.00134060
0.00151570
0.00173510
0.00132130
0.00134810
0.00138180
0.00169930
0.00130430
0.00142190
0.00134630
0.00167110
0.00129580
0.00141300
0.00128610
0.00136410
0.00129400
0.00133960
0.00127540
0.00140570
0.00147850
0.00132910
0.00128780
0.00135630
0.00127180
0.00133710
0.00126780
0.00134270
0.00166740
0.00135860
0.00126660
0.00135340
0.00134390
0.00170540
0.00130010
0.00135530
0.00134610
0.00169210
0.00128670
0.00131510
0.00126740
0.00135260
0.00126550
0.00135260
0.00126360
0.00140940
0.00145420
0.00133890
0.00135390
0.00140730
0.00146440
0.00133000
0.00126260
0.00140260
0.00146900
0.00139600
0.00128650
0.00135990
0.00127630
0.00134770
0.00127510
0.00135440
0.00136380
0.00170700
0.00129250
0.00133340
0.00127100
0.00133740
0.00131960
0.00135390
0.00126550
0.00169730
0.00128520
0.00131920
0.00126830
0.00140770
0.00147020
0.00132610
0.00126420
0.00139730
0.00145510
0.00135010
0.00127850
0.00135660
0.00127330
0.00134950
0.00127230
0.00135470
0.00134820
0.00169880
0.00130970
0.00131760
0.00133340
0.00168820
0.00139070
0.00133640
0.00135650
0.00170460
0.00129940
0.00132140
0.00128040
0.00134830
0.00127590
0.00135080
0.00127870
0.00140620
0.00147660
0.00133340
0.00129310
0.00136330
0.00125750
0.00136330
0.00123150
0.00132510
0.00171830
0.00145880
0.00139550
0.00135360
0.00143030
0.00170420
0.00123890
0.00126530
0.00129380
0.00162940
0.00124090
0.00126510
0.00126010
0.00128410
0.00122930
0.00129180
0.00122240
0.00135250
0.00145470
0.00127570
0.00125210
0.00124010
0.00136160
0.00000000
0.00000000
0.00000000
0.00000000
0.00000980
0.00233590
0.00251540
0.00278670
0.00260410
0.00259010
0.00264180
0.00379910
0.00301730
0.00294520
0.00308670
0.00323480
0.00455360
0.00475660
0.00457080
0.00470690
0.00486980
0.00469230
0.00478950
0.00504190
0.00469610
0.00344210
0.00350470
0.00335970
0.00468540
0.00482120
0.00467660
0.00469820
