0.01488850
0.01663140
0.01616660
0.01533340
0.01592090
0.01602160
0.01599120
0.01569800
0.01532380
0.01596810
0.01518430
0.01561850
0.01514520
0.01503020
0.01518080
0.01480350
0.01560490
0.01537020
0.01510810
0.01552640
0.01538940
0.01538310
0.01543480
0.01516600
0.01506280
0.01513070
0.01511300
0.01545350
0.01532620
0.01492510
0.01489830
0.01554170
0.01491760
0.01490370
0.01486690
0.01508560
0.01518110
0.01480400
0.01473790
0.01463550
0.01493890
0.01485980
0.01468160
0.01551330
0.01542640
0.01548770
0.01516180
0.01537340
0.01485420
0.01475840
0.01472110
0.01526790
0.01563560
0.01482210
0.01535840
0.01540150
0.01513910
0.01465630
0.01553620
0.01509490
0.01495680
0.01472920
0.01528930
0.01492130
0.01553450
0.01556920
0.01561710
0.01509650
0.01506130
0.01577070
0.01549050
0.01532500
0.01595310
0.01591660
0.01555560
0.01507900
0.01598740
0.01545860
0.01530270
0.01575770
0.01579260
0.01569760
0.01537270
0.01616020
0.01602900
0.01571700
0.01573080
0.01598000
0.01571990
0.01597200
0.01540450
0.01568330
0.01627400
0.01571090
0.01592920
0.01566470
0.01517510
0.01522950
0.01577250
0.01509970
0.01488980
0.01541500
0.01543070
0.01595510
0.01568520
0.01584890
0.01560170
0.01710290
0.01678800
0.01586490
0.02225630
0.01737540
0.01629260
0.01595460
0.01538290
0.01594650
0.01556460
0.01523420
0.01467850
0.01512000
0.01466380
0.01475000
0.01497720
0.01485280
0.01498060
0.01472180
0.01513520
0.01449120
0.01750900
0.01460410
0.01531350
0.01580260
0.01568000
0.01648420
0.01612120
0.01608180
0.01602230
0.01575770
0.01561530
0.01542070
0.01580460
0.01601760
0.01563420
0.01484400
0.01501610
0.01486420
0.01500470
0.01540740
0.01478470
0.01430230
0.01432050
0.01457420
0.01451700
0.01435400
0.01560500
0.01460360
0.01453480
0.01515480
0.01471430
0.01465130
0.01468950
0.01477600
0.01552880
0.01533690
0.01481130
0.01485900
0.02026770
0.01888560
0.01647200
0.01622830
0.01590090
0.01595200
0.01662830
0.01583910
0.01601280
0.01709550
0.01562430
0.01980240
0.01538920
0.01555920
0.01640890
0.01667020
0.01877510
0.01872780
0.01890370
0.01708250
0.01714560
0.01823230
0.01790590
0.01818080
0.01737160
0.01791190
0.01721020
0.01662060
0.01661590
0.01725140
0.01674690
0.01706920
0.01715820
0.01639210
0.01658870
0.01638010
0.01775800
0.01695570
0.01795500
0.02823850
0.02891490
0.02312840
0.01526660
0.01465500
0.01494760
0.01492920
0.01521210
0.01569340
0.01499170
0.01501810
0.01667620
0.01499480
0.01475100
0.01474480
0.01497960
0.01523600
0.01548210
0.01520540
0.01568760
0.01503320
0.01486210
0.01474520
0.01502610
0.01483210
0.01472630
0.01467490
0.01502660
0.01456780
0.01430180
0.01635620
0.01650030
0.01534620
0.01660400
0.01650430
0.01490970
0.01499830
0.01594000
0.01584350
0.01504850
0.01524140
0.01496430
0.01484070
0.01475030
0.01458510
0.01521720
0.01597070
0.01493690
0.01509600
0.01531280
0.01477690
0.01529130
0.01519470
0.01491470
0.01490360
0.01519480
0.01498970
0.01579250
0.01509540
0.01501450
0.01503000
0.01476130
0.01468650
0.01507500
0.01490190
0.01472790
0.01483800
0.01498250
0.01626290
0.01691820
0.01467430
0.01429970
0.01431380
0.01442140
0.01527820
0.01513850
0.01482670
0.01501570
0.01477840
0.01462940
0.01440580
0.01506560
0.01447430
0.01428760
0.01433450
0.01463090
0.01474330
0.01543650
0.01497160
0.01470460
0.01495400
0.01486650
0.01501280
0.01493900
0.01467440
0.01472130
0.01488880
0.01487730
0.01524370
0.01501600
0.01505780
0.01470320
0.01435860
0.01456430
0.01501470
0.02403120
0.01626910
0.01537080
0.01618330
0.01584610
0.01601300
0.01553440
0.01552690
0.01529300
0.01643180
0.01511470
0.01483260
0.01488280
0.01544620
0.01467390
0.01470190
0.01520650
0.01533010
0.01486660
0.01466060
0.01528170
0.01478800
0.01533620
0.01556680
0.01660560
0.01517870
0.01475380
0.01511770
0.01485500
0.01478700
0.01480280
0.01499730
0.01491990
0.01473900
0.01498430
0.01499250
0.01484890
0.01428780
0.01438720
0.01540190
0.01452350
