0.00094820
0.00096990
0.00082130
0.00082010
0.00085380
0.00083480
0.00094360
0.00089390
0.00087160
0.00082890
0.00082680
0.00082180
0.00084260
0.00086720
0.00085430
0.00084040
0.00082890
0.00081980
0.00083010
0.00084430
0.00083420
0.00086400
0.00085070
0.00083980
0.00084260
0.00083980
0.00083200
0.00082820
0.00082540
0.00083630
0.00085460
0.00095600
0.00087910
0.00084700
0.00083870
0.00083070
0.00082760
0.00083050
0.00085770
0.00090370
0.00085350
0.00083230
0.00083220
0.00091970
0.00090490
0.00088160
0.00088080
0.00088410
0.00086670
0.00086900
0.00092150
0.00086900
0.00085830
0.00083740
0.00089660
0.00086290
0.00085950
0.00083930
0.00082610
0.00082900
0.00082670
0.00082710
0.00084750
0.00093140
0.00093470
0.00085710
0.00083730
0.00085140
0.00083470
0.00082990
0.00093570
0.00092520
0.00102130
0.00089450
0.00083560
0.00082340
0.00082100
0.00082070
0.00088550
0.00089210
0.00084160
0.00082490
0.00086020
0.00082770
0.00084060
0.00083060
0.00093070
0.00092330
0.00087900
0.00084790
0.00083180
0.00083410
0.00082380
0.00082880
0.00084450
0.00088730
0.00087060
0.00083990
0.00082630
0.00082710
0.00083130
0.00083330
0.00087770
0.00094220
0.00093860
0.00087180
0.00083880
0.00082970
0.00083030
0.00083030
0.00087210
0.00086230
0.00091580
0.00086150
0.00086370
0.00084040
0.00083020
0.00084870
0.00085800
0.00085450
0.00092460
0.00090150
0.00083570
0.00083550
0.00083190
0.00086600
0.00086820
0.00090050
0.00088220
0.00085580
0.00083250
0.00083120
0.00083940
0.00091090
0.00086930
0.00084490
0.00087380
0.00092580
0.00084400
0.00083320
0.00082880
0.00083770
0.00082850
0.00088060
0.00089880
0.00127440
0.00120660
0.00095470
0.00088600
0.00084580
0.00084560
0.00084550
0.00089720
0.00090010
0.00084780
0.00083190
0.00084780
0.00086170
0.00082910
0.00083090
0.00085730
0.00087550
0.00084860
0.00085570
0.00084580
0.00084460
0.00083710
0.00093970
0.00094760
0.00094100
0.00092140
0.00088210
0.00088760
0.00085120
0.00084380
0.00085490
0.00090300
0.00097410
0.00096220
0.00086870
0.00084090
0.00083590
0.00087280
0.00084760
0.00084230
0.00091750
0.00088370
0.00086490
0.00087630
0.00085210
0.00083790
0.00086390
0.00085230
0.00091230
0.00091320
0.00087100
0.00086220
0.00084280
0.00083320
0.00083660
0.00083960
0.00091440
0.00093850
0.00088540
0.00087880
0.00086740
0.00087200
0.00108370
0.00116380
0.00096750
0.00092200
0.00088270
0.00103290
0.00088330
0.00084460
0.00083950
0.00087300
0.00092360
0.00094720
0.00088100
0.00084260
0.00083440
0.00083880
0.00085290
0.00083920
0.00090430
0.00087330
0.00084120
0.00085590
0.00082830
0.00083240
0.00085520
0.00083320
0.00087090
0.00088210
0.00087990
0.00084050
0.00083800
0.00084650
0.00087420
0.00084850
0.00084620
0.00089360
0.00090600
0.00084730
0.00083460
0.00083530
0.00083910
0.00082810
0.00082920
0.00091080
0.00087250
0.00084270
0.00083530
0.00083990
0.00083160
0.00082810
0.00084490
0.00098200
0.00094260
0.00088340
0.00087360
0.00102030
0.00090740
0.00087680
0.00089480
0.00095740
0.00094880
0.00091560
0.00093220
0.00156700
0.00156420
0.00147730
0.00112120
0.00087880
0.00095210
0.00089840
0.00086530
0.00083530
0.00083670
0.00090760
0.00089920
0.00092880
0.00087060
0.00083550
0.00083130
0.00083340
0.00084730
0.00090040
0.00089720
0.00088230
0.00088380
0.00084650
0.00083090
0.00082950
0.00083020
0.00086570
0.00089600
0.00087330
0.00086920
0.00084100
0.00083570
0.00083550
0.00084280
0.00088470
0.00103780
0.00104890
0.00087460
0.00084930
0.00084550
0.00083780
0.00084590
0.00088860
0.00092550
0.00098850
0.00088470
0.00084630
0.00083520
0.00083440
0.00084510
0.00085950
0.00152840
0.00154220
0.00143610
0.00140970
0.00083950
0.00131850
0.00124880
0.00100320
0.00087000
0.00083630
0.00083810
0.00083950
0.00091780
0.00088770
0.00086130
0.00084590
0.00084550
0.00084110
0.00000000
0.00000000
0.00000000
0.00000000
0.00036530
0.00038650
0.00047080
0.00038980
0.00000000
0.00000000
0.00000000
0.00000000
0.00065980
0.00084320
0.00000000
0.00000000
0.00000000
0.00000000
0.00035170
0.00037410
0.00035900
0.00035160
0.00035640
0.00035320
0.00038080
0.00035570
0.00035590
0.00035490
0.00035420
0.00035930
0.00035830
0.00035600
0.00036120
0.00000000
0.00000000
