1
2
0
0
0
0
1
2
0
0
0
0
1
2
0
0
0
0
1
2
0
0
0
0
1
2
0
0
0
0
1
2
0
0
0
0
1
2
0
0
0
0
1
2
0
0
0
0
1
2
0
0
0
0
1
2
0
0
0
0
1
2
0
0
0
0
1
156.00,38.00,31.00,124.00
157.00,58.00,31.00,124.00
157.00,59.00,31.00,124.00
157.00,60.00,31.00,124.00
157.00,60.00,31.00,124.00
155.00,60.00,31.00,124.00
153.00,60.00,31.00,124.00
152.00,60.00,31.00,124.00
148.00,60.00,31.00,124.00
142.00,59.00,31.00,124.00
139.00,58.00,31.00,124.00
133.00,57.00,31.00,124.00
134.00,59.00,31.00,124.00
131.00,57.00,31.00,124.00
125.00,55.00,31.00,124.00
120.00,53.00,31.00,124.00
117.00,52.00,31.00,124.00
128.00,35.00,31.00,124.00
127.00,34.00,31.00,124.00
129.00,32.00,31.00,124.00
142.00,31.00,31.00,124.00
125.00,3.00,31.00,124.00
109.00,-25.00,31.00,124.00
2
0
0
0
0
1
2
0
0
0
0
1
149.00,26.00,50.00,103.00
164.00,19.00,50.00,103.00
163.00,18.00,50.00,103.00
2
0
0
0
0
1
152.00,18.00,55.00,106.00
2
0
0
0
0
1
128.00,19.00,53.00,117.00
125.00,-28.00,53.00,117.00
105.00,14.00,53.00,117.00
87.00,-30.00,53.00,117.00
2
0
0
0
0
1
159.00,59.00,41.00,107.00
142.00,112.00,41.00,107.00
126.00,75.00,41.00,107.00
125.00,74.00,41.00,107.00
127.00,84.00,41.00,107.00
115.00,75.00,41.00,107.00
113.00,76.00,41.00,107.00
111.00,75.00,41.00,107.00
105.00,53.00,41.00,107.00
107.00,16.00,41.00,107.00
102.00,71.00,41.00,107.00
109.00,74.00,41.00,107.00
105.00,69.00,41.00,107.00
119.00,69.00,41.00,107.00
128.00,70.00,41.00,107.00
134.00,71.00,41.00,107.00
137.00,75.00,41.00,107.00
179.00,55.00,41.00,107.00
175.00,55.00,41.00,107.00
174.00,68.00,41.00,107.00
152.00,72.00,41.00,107.00
150.00,73.00,41.00,107.00
146.00,51.00,41.00,107.00
143.00,51.00,41.00,107.00
142.00,52.00,41.00,107.00
186.00,69.00,41.00,107.00
175.00,72.00,41.00,107.00
186.00,37.00,41.00,107.00
180.00,36.00,41.00,107.00
177.00,37.00,41.00,107.00
166.00,36.00,41.00,107.00
183.00,54.00,41.00,107.00
179.00,54.00,41.00,107.00
2
0
0
0
0
1
85.00,3.00,91.00,59.00
97.00,-2.00,91.00,59.00
151.00,-5.00,91.00,59.00
170.00,-11.00,91.00,59.00
175.00,7.00,91.00,59.00
173.00,8.00,91.00,59.00
172.00,8.00,91.00,59.00
2
0
0
0
0
1
153.00,74.00,61.00,45.00
151.00,83.00,61.00,45.00
150.00,86.00,61.00,45.00
146.00,90.00,61.00,45.00
145.00,88.00,61.00,45.00
144.00,88.00,61.00,45.00
143.00,85.00,61.00,45.00
140.00,84.00,61.00,45.00
138.00,83.00,61.00,45.00
137.00,80.00,61.00,45.00
137.00,78.00,61.00,45.00
137.00,77.00,61.00,45.00
137.00,77.00,61.00,45.00
138.00,77.00,61.00,45.00
139.00,77.00,61.00,45.00
139.00,57.00,61.00,45.00
140.00,54.00,61.00,45.00
141.00,53.00,61.00,45.00
143.00,52.00,61.00,45.00
142.00,52.00,61.00,45.00
141.00,53.00,61.00,45.00
141.00,52.00,61.00,45.00
141.00,53.00,61.00,45.00
141.00,52.00,61.00,45.00
140.00,53.00,61.00,45.00
140.00,54.00,61.00,45.00
136.00,67.00,61.00,45.00
