0.00291570
0.00435640
0.00000000
0.00000000
0.00000000
0.00000000
0.00234910
0.00349350
0.00000000
0.00000000
0.00000000
0.00000000
0.00274350
0.00327150
0.00000000
0.00000000
0.00000000
0.00000000
0.00261450
0.00342050
0.00000000
0.00000000
0.00000000
0.00000000
0.00242390
0.00323190
0.00000000
0.00000000
0.00000000
0.00000000
0.00205640
0.00344440
0.00000000
0.00000000
0.00000000
0.00000000
0.00270380
0.00332830
0.00000000
0.00000000
0.00000000
0.00000000
0.00241690
0.00326630
0.00000000
0.00000000
0.00000000
0.00000000
0.00290080
0.00336500
0.00000000
0.00000000
0.00000000
0.00000000
0.00232660
0.00325960
0.00000000
0.00000000
0.00000000
0.00000000
0.00234670
0.00342270
0.00000000
0.00000000
0.00000000
0.00000000
0.00426510
0.00571280
0.00624570
0.00652040
0.00634880
0.00615080
0.00586620
0.00610770
0.00637860
0.00563040
0.00595380
0.00644240
0.00655650
0.00648000
0.00588540
0.00622510
0.00641220
0.00624230
0.00608900
0.00620310
0.00608380
0.00656310
0.00657930
0.00618670
0.00628770
0.00000000
0.00000000
0.00000000
0.00000000
0.00169190
0.00217800
0.00000000
0.00000000
0.00000000
0.00000000
0.00236820
0.00316480
0.00357750
0.00334270
0.00266730
0.00000000
0.00000000
0.00000000
0.00000000
0.00226420
0.00353430
0.00414540
0.00000000
0.00000000
0.00000000
0.00000000
0.00319060
0.00442190
0.00505840
0.00462530
0.00436680
0.00504460
0.00000000
0.00000000
0.00000000
0.00000000
0.00255620
0.00347190
0.00416030
0.00376230
0.00342380
0.00335740
0.00362830
0.00353710
0.00376450
0.00389330
0.00373270
0.00366500
0.00337940
0.00350900
0.00348800
0.00368100
0.00341300
0.00844740
0.00447590
0.00393760
0.00427050
0.00413890
0.00376000
0.00357430
0.00361820
0.00336930
0.00339920
0.00333350
0.00363350
0.00334560
0.00329770
0.00325110
0.00324700
0.00359260
0.00363840
0.00000000
0.00000000
0.00000000
0.00000000
0.00423520
0.00607000
0.00617320
0.00589800
0.00579500
0.00581060
0.00578980
0.00578550
0.00592900
0.00000000
0.00000000
0.00000000
0.00000000
0.00180030
0.00218730
0.00205650
0.00218720
0.00204640
0.00205220
0.00204760
0.00204570
0.00210730
0.00227730
0.00206920
0.00205520
0.00218320
0.00209800
0.00208320
0.00205110
0.00205630
0.00205460
0.00209470
0.00215610
0.00209840
0.00206060
0.00206660
0.00207760
0.00212300
0.00208070
0.00206030
0.00205660
