1
224.00,81.00,43.00,45.00
233.00,68.00,43.00,45.00
233.00,53.00,43.00,45.00
235.00,51.00,43.00,45.00
237.00,50.00,43.00,45.00
2
0
0
0
0
1
244.00,89.00,38.00,48.00
247.00,86.00,38.00,48.00
2
0
0
0
0
1
180.00,83.00,44.00,52.00
210.00,82.00,44.00,52.00
207.00,80.00,44.00,52.00
202.00,76.00,44.00,52.00
200.00,73.00,44.00,52.00
2
0
0
0
0
1
95.00,97.00,58.00,64.00
104.00,135.00,58.00,64.00
96.00,135.00,58.00,64.00
2
0
0
0
0
1
32.00,125.00,52.00,53.00
43.00,108.00,52.00,53.00
47.00,112.00,52.00,53.00
51.00,114.00,52.00,53.00
52.00,114.00,52.00,53.00
52.00,115.00,52.00,53.00
45.00,143.00,52.00,53.00
62.00,134.00,52.00,53.00
63.00,112.00,52.00,53.00
63.00,112.00,52.00,53.00
2
0
0
0
0
1
184.00,94.00,49.00,57.00
165.00,99.00,49.00,57.00
140.00,101.00,49.00,57.00
2
0
0
0
0
1
198.00,42.00,40.00,66.00
184.00,49.00,40.00,66.00
2
0
0
0
0
1
267.00,53.00,38.00,60.00
2
0
0
0
0
1
235.00,69.00,38.00,58.00
251.00,48.00,38.00,58.00
255.00,45.00,38.00,58.00
256.00,42.00,38.00,58.00
2
0
0
0
0
1
262.00,122.00,36.00,52.00
245.00,100.00,36.00,52.00
243.00,96.00,36.00,52.00
2
0
0
0
0
1
229.00,94.00,51.00,61.00
243.00,77.00,51.00,61.00
244.00,74.00,51.00,61.00
2
0
0
0
0
1
157.00,99.00,36.00,74.00
132.00,77.00,36.00,74.00
121.00,79.00,36.00,74.00
121.00,43.00,36.00,74.00
117.00,36.00,36.00,74.00
116.00,29.00,36.00,74.00
116.00,22.00,36.00,74.00
2
0
0
0
0
1
106.00,84.00,39.00,52.00
2
0
0
0
0
1
144.00,56.00,34.00,51.00
142.00,54.00,34.00,51.00
137.00,52.00,34.00,51.00
136.00,50.00,34.00,51.00
133.00,49.00,34.00,51.00
132.00,48.00,34.00,51.00
2
0
0
0
0
1
204.00,66.00,41.00,55.00
190.00,64.00,41.00,55.00
189.00,62.00,41.00,55.00
189.00,61.00,41.00,55.00
189.00,62.00,41.00,55.00
189.00,64.00,41.00,55.00
177.00,62.00,41.00,55.00
161.00,57.00,41.00,55.00
2
0
0
0
0
1
128.00,78.00,53.00,61.00
125.00,71.00,53.00,61.00
123.00,69.00,53.00,61.00
122.00,68.00,53.00,61.00
2
0
0
0
0
1
75.00,140.00,50.00,56.00
82.00,116.00,50.00,56.00
2
0
0
0
0
1
52.00,146.00,55.00,52.00
52.00,144.00,55.00,52.00
74.00,174.00,55.00,52.00
73.00,153.00,55.00,52.00
77.00,147.00,55.00,52.00
82.00,140.00,55.00,52.00
85.00,134.00,55.00,52.00
86.00,161.00,55.00,52.00
101.00,153.00,55.00,52.00
101.00,150.00,55.00,52.00
101.00,146.00,55.00,52.00
2
0
0
0
0
1
40.00,71.00,61.00,66.00
23.00,92.00,61.00,66.00
2
0
0
0
0
1
81.00,73.00,58.00,70.00
76.00,72.00,58.00,70.00
76.00,74.00,58.00,70.00
79.00,77.00,58.00,70.00
77.00,82.00,58.00,70.00
75.00,62.00,58.00,70.00
77.00,64.00,58.00,70.00
78.00,68.00,58.00,70.00
77.00,68.00,58.00,70.00
78.00,67.00,58.00,70.00
75.00,67.00,58.00,70.00
76.00,67.00,58.00,70.00
77.00,67.00,58.00,70.00
2
0
0
0
0
1
143.00,114.00,50.00,52.00
129.00,105.00,50.00,52.00
2
0
0
0
0
1
239.00,95.00,45.00,61.00
2
0
0
0
0
1
254.00,107.00,44.00,61.00
2
0
0
0
0
1
193.00,128.00,44.00,58.00
198.00,121.00,44.00,58.00
198.00,121.00,44.00,58.00
198.00,122.00,44.00,58.00
198.00,124.00,44.00,58.00
198.00,126.00,44.00,58.00
