0.00045760
0.00051290
0.00052540
0.00048900
0.00049090
0.00046380
0.00044740
0.00000000
0.00000000
0.00000000
0.00000000
0.00052870
0.00063540
0.00068810
0.00061860
0.00000000
0.00000000
0.00000000
0.00000000
0.00047470
0.00058530
0.00064780
0.00050510
0.00049490
0.00049580
0.00052200
0.00000000
0.00000000
0.00000000
0.00000000
0.00056180
0.00067890
0.00065870
0.00075710
0.00076560
0.00000000
0.00000000
0.00000000
0.00000000
0.00063930
0.00069000
0.00060130
0.00050490
0.00050240
0.00049040
0.00050400
0.00051770
0.00056700
0.00051650
0.00049740
0.00049510
0.00000000
0.00000000
0.00000000
0.00000000
0.00067960
0.00084750
0.00093840
0.00086750
0.00084130
0.00000000
0.00000000
0.00000000
0.00000000
0.00183940
0.00255600
0.00253950
0.00261770
0.00000000
0.00000000
0.00000000
0.00000000
0.00151820
0.00210920
0.00206550
0.00000000
0.00000000
0.00000000
0.00000000
0.00067420
0.00084360
0.00083220
0.00083550
0.00083920
0.00085860
0.00000000
0.00000000
0.00000000
0.00000000
0.00049550
0.00051820
0.00049830
0.00050300
0.00052540
0.00000000
0.00000000
0.00000000
0.00000000
0.00150120
0.00209640
0.00211920
0.00210680
0.00213780
0.00000000
0.00000000
0.00000000
0.00000000
0.00144030
0.00211130
0.00265790
0.00212980
0.00201360
0.00195850
0.00197770
0.00279720
0.00211940
0.00000000
0.00000000
0.00000000
0.00000000
0.00084450
0.00062290
0.00057050
0.00000000
0.00000000
0.00000000
0.00000000
0.00124080
0.00177800
0.00169300
0.00236700
0.00220390
0.00161390
0.00160070
0.00223720
0.00000000
0.00000000
0.00000000
0.00000000
0.00218380
0.00174530
0.00172850
0.00172420
0.00314210
0.00305670
0.00226840
0.00175960
0.00177660
0.00185570
0.00000000
0.00000000
0.00000000
0.00000000
0.00153060
0.00210820
0.00225040
0.00238610
0.00224900
0.00224100
0.00000000
0.00000000
0.00000000
0.00000000
0.00128810
0.00176240
0.00185260
0.00215090
0.00000000
0.00000000
0.00000000
0.00000000
0.00142510
0.00182460
0.00175710
0.00183140
0.00173320
0.00171950
0.00273940
0.00201360
0.00183380
0.00256090
0.00177570
0.00179770
0.00180570
0.00000000
0.00000000
0.00000000
0.00000000
0.00204580
0.00258440
0.00255380
0.00269790
0.00000000
0.00000000
0.00000000
0.00000000
0.00085460
0.00107450
0.00106280
0.00108470
0.00119330
0.00116050
0.00110150
0.00106690
0.00116440
0.00124160
0.00107350
0.00106390
0.00112840
0.00112720
0.00117260
0.00000000
0.00000000
0.00000000
0.00000000
0.00082340
0.00058350
0.00055130
0.00049510
0.00000000
0.00000000
0.00000000
0.00000000
0.00149410
0.00208560
0.00213730
0.00000000
0.00000000
0.00000000
0.00000000
0.00150230
0.00206700
0.00214850
0.00000000
0.00000000
0.00000000
0.00000000
0.00067680
0.00084540
0.00089470
0.00083070
0.00083190
0.00082600
0.00092140
