0.00001490
0.00207010
0.00168890
0.00181880
0.00155870
0.00173080
0.00178960
0.00191610
0.00181520
0.00207530
0.00183310
0.00181240
0.00180280
0.00173410
0.00155340
0.00174210
0.00178990
0.00191650
0.00192060
0.00191430
0.00156740
0.00177820
0.00157030
0.00173560
0.00153590
0.00192210
0.00184090
0.00191020
0.00181570
0.00189690
0.00179590
0.00164620
0.00140890
0.00162020
0.00153210
0.00158620
0.00128260
0.00164170
0.00158300
0.00000000
0.00000000
0.00000000
0.00000000
0.00001000
0.00109820
0.00109000
0.00105480
0.00099860
0.00105370
0.00099630
0.00113670
0.00109410
0.00112660
0.00107460
0.00108920
0.00101480
0.00119350
0.00100810
0.00105330
0.00104400
0.00109380
0.00000000
0.00000000
0.00000000
0.00000000
0.00000950
0.00118060
0.00126080
0.00127160
0.00123590
0.00123720
0.00123320
0.00123580
0.00122940
0.00127770
0.00129740
0.00122920
0.00119520
0.00116690
0.00116420
0.00114640
0.00118640
0.00119470
0.00113530
0.00113210
0.00113810
0.00000000
0.00000000
0.00000000
0.00000000
0.00005110
0.00048590
0.00040360
0.00034170
0.00034530
0.00033990
0.00034210
0.00036250
0.00034170
0.00034230
0.00034370
0.00034290
0.00034630
0.00034220
0.00036450
0.00034250
0.00000000
0.00000000
0.00000000
0.00000000
0.00000890
0.00034510
0.00030340
0.00029920
0.00030770
0.00030160
0.00029410
0.00028700
0.00028670
0.00028720
0.00032680
0.00028710
0.00028790
0.00028810
0.00029010
0.00034220
0.00028680
0.00033900
0.00029210
0.00029090
0.00029610
0.00029060
0.00029160
0.00036750
0.00031270
0.00030420
0.00029580
0.00028940
0.00039300
0.00036900
0.00029110
0.00029080
0.00029290
0.00029060
0.00029570
0.00029130
0.00029410
0.00028940
0.00028970
0.00029150
0.00000000
0.00000000
0.00000000
0.00000000
0.00008100
0.00038380
0.00037780
0.00029580
0.00034780
0.00030350
0.00034030
0.00038030
0.00035750
0.00031530
0.00032760
0.00031830
0.00031520
0.00000000
0.00000000
0.00000000
0.00000000
0.00000990
0.00032560
0.00031060
0.00030840
0.00030640
0.00031180
0.00031080
0.00032380
0.00032410
0.00030110
0.00029470
0.00029150
0.00029060
0.00000000
0.00000000
0.00000000
0.00000000
0.00000870
0.00048660
0.00043230
0.00039300
0.00041420
0.00039810
0.00039160
0.00044140
0.00040850
0.00038970
0.00039010
0.00039140
0.00042380
0.00039450
0.00043660
0.00039450
0.00040040
0.00044340
0.00038740
0.00034470
0.00035280
0.00037090
0.00034740
0.00033810
0.00033220
0.00034360
0.00032860
0.00035360
0.00035760
0.00040090
0.00039440
0.00039900
0.00041180
0.00040550
0.00040400
0.00040810
0.00041140
0.00041100
0.00035210
0.00034940
0.00035110
0.00035030
0.00035710
