1
141.00,34.00,19.00,104.00
141.00,34.00,19.00,104.00
141.00,34.00,19.00,104.00
141.00,34.00,19.00,104.00
140.00,34.00,19.00,104.00
140.00,34.00,19.00,104.00
140.00,33.00,19.00,104.00
140.00,33.00,19.00,104.00
140.00,35.00,19.00,104.00
140.00,35.00,19.00,104.00
140.00,35.00,19.00,104.00
139.00,36.00,19.00,104.00
139.00,35.00,19.00,104.00
139.00,35.00,19.00,104.00
139.00,36.00,19.00,104.00
138.00,37.00,19.00,104.00
138.00,37.00,19.00,104.00
138.00,37.00,19.00,104.00
138.00,37.00,19.00,104.00
137.00,37.00,19.00,104.00
137.00,38.00,19.00,104.00
137.00,38.00,19.00,104.00
137.00,39.00,19.00,104.00
137.00,39.00,19.00,104.00
136.00,39.00,19.00,104.00
136.00,40.00,19.00,104.00
135.00,39.00,19.00,104.00
132.00,37.00,19.00,104.00
132.00,41.00,19.00,104.00
131.00,9.00,19.00,104.00
130.00,7.00,19.00,104.00
130.00,6.00,19.00,104.00
129.00,4.00,19.00,104.00
129.00,2.00,19.00,104.00
128.00,0.00,19.00,104.00
128.00,4.00,19.00,104.00
127.00,3.00,19.00,104.00
2
0
0
0
0
1
128.00,67.00,29.00,76.00
127.00,64.00,29.00,76.00
112.00,62.00,29.00,76.00
112.00,60.00,29.00,76.00
112.00,58.00,29.00,76.00
107.00,56.00,29.00,76.00
112.00,54.00,29.00,76.00
111.00,52.00,29.00,76.00
111.00,51.00,29.00,76.00
112.00,49.00,29.00,76.00
112.00,47.00,29.00,76.00
112.00,46.00,29.00,76.00
117.00,44.00,29.00,76.00
140.00,42.00,29.00,76.00
104.00,41.00,29.00,76.00
104.00,40.00,29.00,76.00
2
0
0
0
0
1
134.00,75.00,23.00,89.00
135.00,74.00,23.00,89.00
135.00,74.00,23.00,89.00
134.00,74.00,23.00,89.00
134.00,75.00,23.00,89.00
133.00,75.00,23.00,89.00
132.00,76.00,23.00,89.00
132.00,76.00,23.00,89.00
131.00,77.00,23.00,89.00
130.00,78.00,23.00,89.00
128.00,79.00,23.00,89.00
126.00,80.00,23.00,89.00
125.00,82.00,23.00,89.00
129.00,83.00,23.00,89.00
129.00,85.00,23.00,89.00
129.00,86.00,23.00,89.00
128.00,88.00,23.00,89.00
128.00,89.00,23.00,89.00
156.00,89.00,23.00,89.00
2
0
0
0
0
1
127.00,57.00,50.00,49.00
126.00,59.00,50.00,49.00
128.00,61.00,50.00,49.00
106.00,64.00,50.00,49.00
100.00,67.00,50.00,49.00
123.00,69.00,50.00,49.00
105.00,51.00,50.00,49.00
122.00,73.00,50.00,49.00
121.00,75.00,50.00,49.00
120.00,77.00,50.00,49.00
119.00,79.00,50.00,49.00
118.00,81.00,50.00,49.00
118.00,82.00,50.00,49.00
117.00,84.00,50.00,49.00
2
0
0
0
0
1
135.00,43.00,43.00,46.00
154.00,32.00,43.00,46.00
155.00,34.00,43.00,46.00
133.00,39.00,43.00,46.00
134.00,39.00,43.00,46.00
134.00,39.00,43.00,46.00
134.00,38.00,43.00,46.00
136.00,37.00,43.00,46.00
138.00,38.00,43.00,46.00
137.00,38.00,43.00,46.00
137.00,39.00,43.00,46.00
126.00,49.00,43.00,46.00
127.00,50.00,43.00,46.00
127.00,50.00,43.00,46.00
126.00,51.00,43.00,46.00
124.00,51.00,43.00,46.00
142.00,36.00,43.00,46.00
142.00,36.00,43.00,46.00
143.00,36.00,43.00,46.00
145.00,36.00,43.00,46.00
145.00,38.00,43.00,46.00
142.00,39.00,43.00,46.00
141.00,40.00,43.00,46.00
140.00,41.00,43.00,46.00
139.00,41.00,43.00,46.00
137.00,43.00,43.00,46.00
136.00,44.00,43.00,46.00
136.00,42.00,43.00,46.00
137.00,39.00,43.00,46.00
138.00,39.00,43.00,46.00
142.00,27.00,43.00,46.00
142.00,26.00,43.00,46.00
134.00,41.00,43.00,46.00
134.00,41.00,43.00,46.00
135.00,41.00,43.00,46.00
136.00,43.00,43.00,46.00
139.00,44.00,43.00,46.00
163.00,50.00,43.00,46.00
2
0
0
0
0
1
134.00,57.00,44.00,40.00
133.00,55.00,44.00,40.00
133.00,54.00,44.00,40.00
135.00,56.00,44.00,40.00
137.00,58.00,44.00,40.00
138.00,60.00,44.00,40.00
160.00,38.00,44.00,40.00
156.00,62.00,44.00,40.00
137.00,73.00,44.00,40.00
136.00,74.00,44.00,40.00
158.00,62.00,44.00,40.00
2
0
0
0
0
1
126.00,64.00,40.00,45.00
128.00,60.00,40.00,45.00
122.00,39.00,40.00,45.00
142.00,55.00,40.00,45.00
120.00,74.00,40.00,45.00
102.00,55.00,40.00,45.00
103.00,53.00,40.00,45.00
100.00,51.00,40.00,45.00
98.00,48.00,40.00,45.00
97.00,44.00,40.00,45.00
96.00,41.00,40.00,45.00
2
0
0
0
0
1
128.00,82.00,52.00,54.00
129.00,83.00,52.00,54.00
131.00,84.00,52.00,54.00
133.00,85.00,52.00,54.00
134.00,86.00,52.00,54.00
136.00,87.00,52.00,54.00
137.00,88.00,52.00,54.00
138.00,89.00,52.00,54.00
139.00,90.00,52.00,54.00
139.00,91.00,52.00,54.00
140.00,92.00,52.00,54.00
140.00,94.00,52.00,54.00
141.00,97.00,52.00,54.00
141.00,98.00,52.00,54.00
113.00,90.00,52.00,54.00
105.00,86.00,52.00,54.00
106.00,86.00,52.00,54.00
132.00,112.00,52.00,54.00
157.00,115.00,52.00,54.00
155.00,117.00,52.00,54.00
129.00,117.00,52.00,54.00
128.00,120.00,52.00,54.00
126.00,122.00,52.00,54.00
125.00,123.00,52.00,54.00
124.00,124.00,52.00,54.00
113.00,111.00,52.00,54.00
114.00,111.00,52.00,54.00
140.00,102.00,52.00,54.00
141.00,104.00,52.00,54.00
140.00,102.00,52.00,54.00
147.00,94.00,52.00,54.00
145.00,88.00,52.00,54.00
145.00,86.00,52.00,54.00
139.00,81.00,52.00,54.00
140.00,84.00,52.00,54.00
143.00,84.00,52.00,54.00
140.00,111.00,52.00,54.00
141.00,111.00,52.00,54.00
142.00,111.00,52.00,54.00
144.00,111.00,52.00,54.00
144.00,111.00,52.00,54.00
143.00,112.00,52.00,54.00
