1
172.00,85.00,49.00,50.00
171.00,85.00,49.00,50.00
170.00,85.00,49.00,50.00
170.00,85.00,49.00,50.00
170.00,85.00,49.00,50.00
169.00,85.00,49.00,50.00
169.00,85.00,49.00,50.00
169.00,85.00,49.00,50.00
168.00,84.00,49.00,50.00
167.00,84.00,49.00,50.00
167.00,83.00,49.00,50.00
166.00,82.00,49.00,50.00
183.00,76.00,49.00,50.00
183.00,76.00,49.00,50.00
182.00,76.00,49.00,50.00
182.00,76.00,49.00,50.00
183.00,76.00,49.00,50.00
2
0
0
0
0
1
113.00,64.00,51.00,51.00
110.00,63.00,51.00,51.00
106.00,62.00,51.00,51.00
103.00,62.00,51.00,51.00
100.00,62.00,51.00,51.00
99.00,61.00,51.00,51.00
98.00,60.00,51.00,51.00
97.00,60.00,51.00,51.00
96.00,60.00,51.00,51.00
95.00,60.00,51.00,51.00
93.00,61.00,51.00,51.00
92.00,62.00,51.00,51.00
91.00,62.00,51.00,51.00
91.00,62.00,51.00,51.00
91.00,63.00,51.00,51.00
91.00,63.00,51.00,51.00
91.00,63.00,51.00,51.00
90.00,64.00,51.00,51.00
88.00,65.00,51.00,51.00
86.00,68.00,51.00,51.00
85.00,71.00,51.00,51.00
85.00,73.00,51.00,51.00
85.00,75.00,51.00,51.00
85.00,76.00,51.00,51.00
84.00,76.00,51.00,51.00
84.00,77.00,51.00,51.00
84.00,78.00,51.00,51.00
84.00,79.00,51.00,51.00
84.00,80.00,51.00,51.00
84.00,81.00,51.00,51.00
84.00,81.00,51.00,51.00
84.00,81.00,51.00,51.00
84.00,81.00,51.00,51.00
2
0
0
0
0
1
153.00,100.00,51.00,51.00
153.00,100.00,51.00,51.00
154.00,100.00,51.00,51.00
159.00,102.00,51.00,51.00
163.00,101.00,51.00,51.00
165.00,101.00,51.00,51.00
152.00,99.00,51.00,51.00
153.00,100.00,51.00,51.00
153.00,100.00,51.00,51.00
153.00,100.00,51.00,51.00
153.00,100.00,51.00,51.00
153.00,100.00,51.00,51.00
2
0
0
0
0
1
212.00,132.00,49.00,51.00
215.00,115.00,49.00,51.00
218.00,100.00,49.00,51.00
226.00,107.00,49.00,51.00
226.00,108.00,49.00,51.00
226.00,108.00,49.00,51.00
227.00,108.00,49.00,51.00
227.00,108.00,49.00,51.00
227.00,108.00,49.00,51.00
227.00,108.00,49.00,51.00
227.00,108.00,49.00,51.00
227.00,108.00,49.00,51.00
2
0
0
0
0
1
185.00,137.00,52.00,53.00
187.00,134.00,52.00,53.00
187.00,131.00,52.00,53.00
187.00,126.00,52.00,53.00
187.00,123.00,52.00,53.00
187.00,122.00,52.00,53.00
187.00,121.00,52.00,53.00
188.00,119.00,52.00,53.00
188.00,117.00,52.00,53.00
187.00,116.00,52.00,53.00
186.00,116.00,52.00,53.00
185.00,116.00,52.00,53.00
184.00,117.00,52.00,53.00
183.00,118.00,52.00,53.00
183.00,118.00,52.00,53.00
183.00,119.00,52.00,53.00
183.00,119.00,52.00,53.00
183.00,119.00,52.00,53.00
183.00,119.00,52.00,53.00
183.00,119.00,52.00,53.00
183.00,119.00,52.00,53.00
183.00,119.00,52.00,53.00
183.00,119.00,52.00,53.00
184.00,119.00,52.00,53.00
185.00,119.00,52.00,53.00
185.00,119.00,52.00,53.00
186.00,119.00,52.00,53.00
186.00,118.00,52.00,53.00
187.00,117.00,52.00,53.00
187.00,116.00,52.00,53.00
187.00,114.00,52.00,53.00
187.00,111.00,52.00,53.00
186.00,109.00,52.00,53.00
186.00,106.00,52.00,53.00
185.00,103.00,52.00,53.00
185.00,102.00,52.00,53.00
184.00,101.00,52.00,53.00
183.00,100.00,52.00,53.00
182.00,100.00,52.00,53.00
182.00,100.00,52.00,53.00
182.00,100.00,52.00,53.00
2
0
0
0
0
1
199.00,33.00,31.00,52.00
198.00,32.00,31.00,52.00
197.00,32.00,31.00,52.00
196.00,32.00,31.00,52.00
194.00,32.00,31.00,52.00
191.00,32.00,31.00,52.00
187.00,33.00,31.00,52.00
185.00,34.00,31.00,52.00
184.00,34.00,31.00,52.00
185.00,31.00,31.00,52.00
185.00,31.00,31.00,52.00
184.00,31.00,31.00,52.00
184.00,32.00,31.00,52.00
185.00,32.00,31.00,52.00
185.00,32.00,31.00,52.00
185.00,32.00,31.00,52.00
185.00,32.00,31.00,52.00
185.00,32.00,31.00,52.00
185.00,32.00,31.00,52.00
185.00,32.00,31.00,52.00
2
0
0
0
0
1
178.00,97.00,47.00,48.00
178.00,97.00,47.00,48.00
177.00,96.00,47.00,48.00
187.00,100.00,47.00,48.00
188.00,99.00,47.00,48.00
189.00,99.00,47.00,48.00
189.00,99.00,47.00,48.00
2
0
0
0
0
1
94.00,72.00,47.00,50.00
89.00,71.00,47.00,50.00
80.00,70.00,47.00,50.00
73.00,70.00,47.00,50.00
70.00,70.00,47.00,50.00
68.00,71.00,47.00,50.00
65.00,72.00,47.00,50.00
57.00,72.00,47.00,50.00
51.00,73.00,47.00,50.00
48.00,76.00,47.00,50.00
45.00,79.00,47.00,50.00
44.00,82.00,47.00,50.00
45.00,85.00,47.00,50.00
47.00,87.00,47.00,50.00
50.00,89.00,47.00,50.00
53.00,92.00,47.00,50.00
57.00,96.00,47.00,50.00
61.00,101.00,47.00,50.00
63.00,105.00,47.00,50.00
65.00,111.00,47.00,50.00
67.00,116.00,47.00,50.00
70.00,122.00,47.00,50.00
69.00,122.00,47.00,50.00
71.00,121.00,47.00,50.00
72.00,122.00,47.00,50.00
73.00,123.00,47.00,50.00
73.00,123.00,47.00,50.00
71.00,122.00,47.00,50.00
71.00,122.00,47.00,50.00
71.00,123.00,47.00,50.00
70.00,124.00,47.00,50.00
69.00,125.00,47.00,50.00
68.00,127.00,47.00,50.00
68.00,128.00,47.00,50.00
68.00,128.00,47.00,50.00
2
0
0
0
0
1
138.00,176.00,49.00,43.00
139.00,174.00,49.00,43.00
142.00,174.00,49.00,43.00
150.00,172.00,49.00,43.00
152.00,171.00,49.00,43.00
155.00,169.00,49.00,43.00
159.00,166.00,49.00,43.00
161.00,163.00,49.00,43.00
163.00,159.00,49.00,43.00
164.00,156.00,49.00,43.00
165.00,153.00,49.00,43.00
166.00,151.00,49.00,43.00
168.00,148.00,49.00,43.00
170.00,146.00,49.00,43.00
172.00,144.00,49.00,43.00
173.00,142.00,49.00,43.00
174.00,140.00,49.00,43.00
174.00,139.00,49.00,43.00
174.00,137.00,49.00,43.00
174.00,136.00,49.00,43.00
174.00,134.00,49.00,43.00
173.00,132.00,49.00,43.00
172.00,129.00,49.00,43.00
171.00,126.00,49.00,43.00
170.00,124.00,49.00,43.00
170.00,121.00,49.00,43.00
170.00,118.00,49.00,43.00
170.00,116.00,49.00,43.00
170.00,115.00,49.00,43.00
169.00,114.00,49.00,43.00
167.00,114.00,49.00,43.00
166.00,114.00,49.00,43.00
166.00,115.00,49.00,43.00
166.00,115.00,49.00,43.00
166.00,115.00,49.00,43.00
166.00,115.00,49.00,43.00
166.00,115.00,49.00,43.00
166.00,115.00,49.00,43.00
