0.00104280
0.00137540
0.00138230
0.00138570
0.00136300
0.00227150
0.00145420
0.00136950
0.00133430
0.00134840
0.00142780
0.00136980
0.00135060
0.00135670
0.00133890
0.00133450
0.00137160
0.00140870
0.00135350
0.00000000
0.00000000
0.00000000
0.00000000
0.00100660
0.00136490
0.00132350
0.00132490
0.00133050
0.00135350
0.00134240
0.00133740
0.00132610
0.00132170
0.00139630
0.00135760
0.00134760
0.00136500
0.00134740
0.00133950
0.00137210
0.00134670
0.00135450
0.00137320
0.00134260
0.00134310
0.00144710
0.00135290
0.00135300
0.00135390
0.00134090
0.00135760
0.00134810
0.00134190
0.00135510
0.00134370
0.00140150
0.00138020
0.00159070
0.00000000
0.00000000
0.00000000
0.00000000
0.00104140
0.00138920
0.00137820
0.00136950
0.00136110
0.00152440
0.00137410
0.00136410
0.00137750
0.00137180
0.00136760
0.00136610
0.00135060
0.00134210
0.00000000
0.00000000
0.00000000
0.00000000
0.00100470
0.00133250
0.00133790
0.00133450
0.00136210
0.00133980
0.00133020
0.00132660
0.00133100
0.00132640
0.00134740
0.00133940
0.00132990
0.00132650
0.00000000
0.00000000
0.00000000
0.00000000
0.00042630
0.00048290
0.00049070
0.00048080
0.00049330
0.00047390
0.00047810
0.00048460
0.00048210
0.00050630
0.00049660
0.00047970
0.00048270
0.00050680
0.00048600
0.00048920
0.00048720
0.00048160
0.00047840
0.00047120
0.00048600
0.00048830
0.00048670
0.00047990
0.00048360
0.00047590
0.00047750
0.00048070
0.00047540
0.00048270
0.00047910
0.00047810
0.00048970
0.00047680
0.00048130
0.00047910
0.00048270
0.00047430
0.00047890
0.00048670
0.00048160
0.00048240
0.00045190
0.00000000
0.00000000
0.00000000
0.00000000
0.00041730
0.00046810
0.00045630
0.00046530
0.00052570
0.00047740
0.00046860
0.00050570
0.00047820
0.00046490
0.00046470
0.00046840
0.00046150
0.00051020
0.00046280
0.00046800
0.00046400
0.00066290
0.00046600
0.00051760
0.00051020
0.00046350
0.00000000
0.00000000
0.00000000
0.00000000
0.00048310
0.00059340
0.00058320
0.00058350
0.00062850
0.00059420
0.00059050
0.00057760
0.00058470
0.00000000
0.00000000
0.00000000
0.00000000
0.00098520
0.00131730
0.00135690
0.00132690
0.00129020
0.00128550
0.00127370
0.00154960
0.00129400
0.00133020
0.00135830
0.00127210
0.00132630
0.00131730
0.00132620
0.00144890
0.00136610
0.00133610
0.00134630
0.00133440
0.00134590
0.00139720
0.00139730
0.00136760
0.00134830
0.00133520
0.00133680
0.00134610
0.00134360
0.00133850
0.00134990
0.00133440
0.00135060
0.00135770
0.00133190
0.00133590
0.00133480
0.00000000
0.00000000
0.00000000
0.00000000
0.00095660
0.00126680
0.00126360
0.00127360
0.00126040
0.00126830
0.00126320
0.00126780
0.00126250
0.00130030
0.00126110
0.00125250
0.00125780
0.00125170
0.00126760
0.00126510
0.00127510
0.00125810
0.00125960
0.00125870
0.00126860
0.00127420
0.00127420
0.00126110
0.00125860
0.00124970
0.00126730
0.00127190
0.00132010
0.00126110
0.00125390
0.00124800
0.00126320
0.00126150
0.00133730
0.00126120
0.00126020
0.00125230
0.00126250
