1
79.00,93.00,37.00,51.00
83.00,93.00,37.00,51.00
88.00,95.00,37.00,51.00
92.00,98.00,37.00,51.00
101.00,97.00,37.00,51.00
107.00,99.00,37.00,51.00
114.00,98.00,37.00,51.00
120.00,95.00,37.00,51.00
124.00,96.00,37.00,51.00
130.00,95.00,37.00,51.00
135.00,96.00,37.00,51.00
140.00,97.00,37.00,51.00
147.00,98.00,37.00,51.00
153.00,98.00,37.00,51.00
159.00,98.00,37.00,51.00
165.00,97.00,37.00,51.00
171.00,96.00,37.00,51.00
177.00,95.00,37.00,51.00
182.00,95.00,37.00,51.00
187.00,95.00,37.00,51.00
191.00,96.00,37.00,51.00
194.00,96.00,37.00,51.00
194.00,96.00,37.00,51.00
193.00,95.00,37.00,51.00
191.00,94.00,37.00,51.00
188.00,94.00,37.00,51.00
183.00,93.00,37.00,51.00
177.00,93.00,37.00,51.00
171.00,92.00,37.00,51.00
163.00,93.00,37.00,51.00
154.00,94.00,37.00,51.00
144.00,96.00,37.00,51.00
132.00,97.00,37.00,51.00
121.00,98.00,37.00,51.00
112.00,99.00,37.00,51.00
105.00,97.00,37.00,51.00
101.00,96.00,37.00,51.00
98.00,95.00,37.00,51.00
97.00,95.00,37.00,51.00
98.00,96.00,37.00,51.00
100.00,97.00,37.00,51.00
103.00,98.00,37.00,51.00
108.00,99.00,37.00,51.00
115.00,98.00,37.00,51.00
122.00,97.00,37.00,51.00
130.00,98.00,37.00,51.00
138.00,98.00,37.00,51.00
148.00,98.00,37.00,51.00
158.00,98.00,37.00,51.00
168.00,99.00,37.00,51.00
178.00,99.00,37.00,51.00
186.00,100.00,37.00,51.00
193.00,101.00,37.00,51.00
196.00,102.00,37.00,51.00
195.00,103.00,37.00,51.00
192.00,104.00,37.00,51.00
185.00,104.00,37.00,51.00
176.00,104.00,37.00,51.00
164.00,103.00,37.00,51.00
151.00,102.00,37.00,51.00
137.00,101.00,37.00,51.00
122.00,101.00,37.00,51.00
111.00,101.00,37.00,51.00
102.00,102.00,37.00,51.00
95.00,104.00,37.00,51.00
87.00,107.00,37.00,51.00
82.00,109.00,37.00,51.00
78.00,111.00,37.00,51.00
76.00,111.00,37.00,51.00
73.00,111.00,37.00,51.00
72.00,111.00,37.00,51.00
71.00,111.00,37.00,51.00
71.00,111.00,37.00,51.00
72.00,112.00,37.00,51.00
74.00,113.00,37.00,51.00
77.00,113.00,37.00,51.00
83.00,111.00,37.00,51.00
91.00,109.00,37.00,51.00
101.00,107.00,37.00,51.00
113.00,103.00,37.00,51.00
118.00,111.00,37.00,51.00
122.00,113.00,37.00,51.00
2
0
0
0
0
1
205.00,113.00,36.00,54.00
204.00,112.00,36.00,54.00
201.00,111.00,36.00,54.00
198.00,111.00,36.00,54.00
194.00,112.00,36.00,54.00
188.00,115.00,36.00,54.00
181.00,118.00,36.00,54.00
172.00,120.00,36.00,54.00
160.00,118.00,36.00,54.00
147.00,112.00,36.00,54.00
131.00,105.00,36.00,54.00
113.00,104.00,36.00,54.00
97.00,107.00,36.00,54.00
84.00,112.00,36.00,54.00
73.00,115.00,36.00,54.00
64.00,116.00,36.00,54.00
57.00,116.00,36.00,54.00
51.00,116.00,36.00,54.00
44.00,116.00,36.00,54.00
37.00,117.00,36.00,54.00
29.00,119.00,36.00,54.00
20.00,118.00,36.00,54.00
12.00,111.00,36.00,54.00
4.00,103.00,36.00,54.00
-2.00,101.00,36.00,54.00
-3.00,107.00,36.00,54.00
1.00,122.00,36.00,54.00
-9.00,117.00,36.00,54.00
-11.00,111.00,36.00,54.00
2
0
0
0
0
1
49.00,129.00,38.00,55.00
30.00,123.00,38.00,55.00
34.00,121.00,38.00,55.00
41.00,121.00,38.00,55.00
48.00,120.00,38.00,55.00
49.00,121.00,38.00,55.00
2
0
0
0
0
1
92.00,102.00,35.00,53.00
85.00,105.00,35.00,53.00
79.00,106.00,35.00,53.00
74.00,107.00,35.00,53.00
70.00,105.00,35.00,53.00
67.00,103.00,35.00,53.00
65.00,101.00,35.00,53.00
64.00,101.00,35.00,53.00
66.00,100.00,35.00,53.00
68.00,100.00,35.00,53.00
71.00,100.00,35.00,53.00
76.00,102.00,35.00,53.00
82.00,104.00,35.00,53.00
90.00,106.00,35.00,53.00
99.00,106.00,35.00,53.00
109.00,104.00,35.00,53.00
116.00,102.00,35.00,53.00
122.00,100.00,35.00,53.00
126.00,100.00,35.00,53.00
125.00,102.00,35.00,53.00
127.00,102.00,35.00,53.00
125.00,102.00,35.00,53.00
122.00,102.00,35.00,53.00
117.00,103.00,35.00,53.00
113.00,103.00,35.00,53.00
109.00,102.00,35.00,53.00
108.00,100.00,35.00,53.00
109.00,99.00,35.00,53.00
111.00,99.00,35.00,53.00
116.00,100.00,35.00,53.00
122.00,100.00,35.00,53.00
130.00,101.00,35.00,53.00
138.00,101.00,35.00,53.00
146.00,99.00,35.00,53.00
152.00,99.00,35.00,53.00
157.00,99.00,35.00,53.00
