0.00159280
0.00146480
0.00138200
0.00146290
0.00129540
0.00134630
0.00141090
0.00137290
0.00179710
0.00149260
0.00140700
0.00136530
0.00134830
0.00169030
0.00145990
0.00141040
0.00136770
0.00136770
0.00133940
0.00168940
0.00140660
0.00137350
0.00137240
0.00136750
0.00135460
0.00139390
0.00138440
0.00137190
0.00136360
0.00137390
0.00136510
0.00144530
0.00137890
0.00139780
0.00137730
0.00137760
0.00135780
0.00140550
0.00138010
0.00136500
0.00136850
0.00138220
0.00135460
0.00136260
0.00136690
0.00137440
0.00136360
0.00137180
0.00139280
0.00136830
0.00136940
0.00136790
0.00136280
0.00137100
0.00136170
0.00136870
0.00138560
0.00136890
0.00139140
0.00135550
0.00135920
0.00136580
0.00138290
0.00135550
0.00136100
0.00136470
0.00134680
0.00135360
0.00141010
0.00138060
0.00135630
0.00138190
0.00136960
0.00136110
0.00135400
0.00135960
0.00137540
0.00136630
0.00135730
0.00136620
0.00147090
0.00138510
0.00136950
0.00140280
0.00000000
0.00000000
0.00000000
0.00000000
0.00072050
0.00091810
0.00091390
0.00091450
0.00090280
0.00090150
0.00090780
0.00090140
0.00090230
0.00089530
0.00087930
0.00090020
0.00090240
0.00091240
0.00088900
0.00090170
0.00089520
0.00088980
0.00109520
0.00086750
0.00087120
0.00086540
0.00086270
0.00087010
0.00086840
0.00085670
0.00106310
0.00110810
0.00110950
0.00094150
0.00093000
0.00000000
0.00000000
0.00000000
0.00000000
0.00123630
0.00177590
0.00174320
0.00166010
0.00165310
0.00173640
0.00165120
0.00168780
0.00000000
0.00000000
0.00000000
0.00000000
0.00043150
0.00055250
0.00048240
0.00047850
0.00049980
0.00049880
0.00049180
0.00055170
0.00049290
0.00048100
0.00048280
0.00048660
0.00048700
0.00048670
0.00049360
0.00047990
0.00048570
0.00054650
0.00049400
0.00048400
0.00049610
0.00049770
0.00049860
0.00048550
0.00048370
0.00048840
0.00047940
0.00063100
0.00052910
0.00051460
0.00052820
0.00051180
0.00050910
0.00051600
0.00049410
0.00050520
0.00051760
