1
2
0
0
0
0
1
2
0
0
0
0
1
2
0
0
0
0
1
2
0
0
0
0
1
2
0
0
0
0
1
2
0
0
0
0
1
2
0
0
0
0
1
2
0
0
0
0
1
2
0
0
0
0
1
2
0
0
0
0
1
2
0
0
0
0
1
156.00,38.00,31.00,124.00
156.00,38.00,31.00,124.00
156.00,38.00,31.00,124.00
156.00,38.00,31.00,124.00
155.00,38.00,31.00,124.00
154.00,38.00,31.00,124.00
152.00,38.00,31.00,124.00
150.00,38.00,31.00,124.00
146.00,37.00,31.00,124.00
140.00,36.00,31.00,124.00
137.00,35.00,31.00,124.00
131.00,34.00,31.00,124.00
123.00,32.00,31.00,124.00
119.00,31.00,31.00,124.00
112.00,29.00,31.00,124.00
106.00,26.00,31.00,124.00
104.00,25.00,31.00,124.00
102.00,22.00,31.00,124.00
100.00,21.00,31.00,124.00
99.00,20.00,31.00,124.00
97.00,19.00,31.00,124.00
95.00,18.00,31.00,124.00
95.00,17.00,31.00,124.00
93.00,16.00,31.00,124.00
91.00,15.00,31.00,124.00
90.00,15.00,31.00,124.00
88.00,13.00,31.00,124.00
84.00,12.00,31.00,124.00
82.00,10.00,31.00,124.00
2
0
0
0
0
1
149.00,26.00,50.00,103.00
164.00,19.00,50.00,103.00
163.00,19.00,50.00,103.00
161.00,18.00,50.00,103.00
164.00,19.00,50.00,103.00
162.00,20.00,50.00,103.00
159.00,17.00,50.00,103.00
2
0
0
0
0
1
114.00,40.00,57.00,110.00
101.00,45.00,57.00,110.00
86.00,27.00,57.00,110.00
97.00,11.00,57.00,110.00
95.00,12.00,57.00,110.00
82.00,15.00,57.00,110.00
2
0
0
0
0
1
142.00,108.00,42.00,109.00
128.00,124.00,42.00,109.00
126.00,129.00,42.00,109.00
128.00,131.00,42.00,109.00
129.00,134.00,42.00,109.00
128.00,142.00,42.00,109.00
124.00,155.00,42.00,109.00
121.00,155.00,42.00,109.00
111.00,154.00,42.00,109.00
96.00,151.00,42.00,109.00
93.00,145.00,42.00,109.00
93.00,144.00,42.00,109.00
2
0
0
0
0
1
82.00,40.00,95.00,88.00
81.00,41.00,95.00,88.00
82.00,43.00,95.00,88.00
79.00,45.00,95.00,88.00
79.00,46.00,95.00,88.00
80.00,48.00,95.00,88.00
2
0
0
0
0
1
160.00,88.00,62.00,82.00
160.00,84.00,62.00,82.00
155.00,79.00,62.00,82.00
149.00,54.00,62.00,82.00
141.00,51.00,62.00,82.00
139.00,50.00,62.00,82.00
138.00,50.00,62.00,82.00
136.00,51.00,62.00,82.00
138.00,54.00,62.00,82.00
141.00,55.00,62.00,82.00
141.00,56.00,62.00,82.00
140.00,59.00,62.00,82.00
140.00,61.00,62.00,82.00
140.00,61.00,62.00,82.00
138.00,61.00,62.00,82.00
134.00,60.00,62.00,82.00
130.00,58.00,62.00,82.00
127.00,55.00,62.00,82.00
128.00,52.00,62.00,82.00
129.00,51.00,62.00,82.00
130.00,47.00,62.00,82.00
139.00,46.00,62.00,82.00
139.00,47.00,62.00,82.00
139.00,45.00,62.00,82.00
140.00,43.00,62.00,82.00
141.00,42.00,62.00,82.00
141.00,40.00,62.00,82.00
144.00,39.00,62.00,82.00
146.00,39.00,62.00,82.00
148.00,37.00,62.00,82.00
149.00,36.00,62.00,82.00
150.00,35.00,62.00,82.00
151.00,34.00,62.00,82.00
152.00,33.00,62.00,82.00
153.00,32.00,62.00,82.00
154.00,31.00,62.00,82.00
155.00,29.00,62.00,82.00
156.00,29.00,62.00,82.00
157.00,29.00,62.00,82.00
159.00,29.00,62.00,82.00
160.00,29.00,62.00,82.00
161.00,29.00,62.00,82.00
162.00,29.00,62.00,82.00
162.00,29.00,62.00,82.00
161.00,29.00,62.00,82.00
159.00,30.00,62.00,82.00
158.00,30.00,62.00,82.00
157.00,30.00,62.00,82.00
155.00,30.00,62.00,82.00
154.00,31.00,62.00,82.00
