0.00345740
0.00457540
0.00000000
0.00000000
0.00000000
0.00000000
0.00235930
0.00326380
0.00000000
0.00000000
0.00000000
0.00000000
0.00248060
0.00373390
0.00000000
0.00000000
0.00000000
0.00000000
0.00243870
0.00298490
0.00000000
0.00000000
0.00000000
0.00000000
0.00242710
0.00307960
0.00000000
0.00000000
0.00000000
0.00000000
0.00206070
0.00302770
0.00000000
0.00000000
0.00000000
0.00000000
0.00191610
0.00313730
0.00000000
0.00000000
0.00000000
0.00000000
0.00236050
0.00309720
0.00000000
0.00000000
0.00000000
0.00000000
0.00253040
0.00292420
0.00000000
0.00000000
0.00000000
0.00000000
0.00194250
0.00313470
0.00000000
0.00000000
0.00000000
0.00000000
0.00232330
0.00308720
0.00000000
0.00000000
0.00000000
0.00000000
0.00451750
0.00632610
0.00625510
0.00634930
0.00645540
0.00643910
0.00619000
0.00603480
0.00618580
0.00602930
0.00567410
0.00621510
0.00614570
0.00562850
0.00613720
0.00628900
0.00616280
0.00613720
0.00609640
0.00629560
0.00614380
0.00612360
0.00545350
0.00596640
0.00598640
0.00606580
0.00590750
0.00607350
0.00612510
0.00594060
0.00589060
0.00000000
0.00000000
0.00000000
0.00000000
0.00206040
0.00291690
0.00312360
0.00300140
0.00263390
0.00287130
0.00258670
0.00246420
0.00245240
0.00000000
0.00000000
0.00000000
0.00000000
0.00213430
0.00282200
0.00283780
0.00274100
0.00228140
0.00268120
0.00337480
0.00237380
0.00000000
0.00000000
0.00000000
0.00000000
0.00362190
0.00429790
0.00428130
0.00442630
0.00428730
0.00408040
0.00459480
0.00444550
0.00399320
0.00390960
0.00397790
0.00397330
0.00401240
0.00404320
0.00000000
0.00000000
0.00000000
0.00000000
0.00162930
0.00210870
0.00179020
0.00198510
0.00232990
0.00195410
0.00187530
0.00186090
0.00000000
0.00000000
0.00000000
0.00000000
0.00078010
0.00092550
0.00090740
0.00090310
0.00089770
0.00090770
0.00095010
0.00094150
0.00101160
0.00105120
0.00108030
0.00107940
0.00111830
0.00100850
0.00104960
0.00096460
0.00096310
0.00099180
0.00125950
0.00102420
0.00095500
0.00156260
0.00103650
0.00101630
0.00096150
0.00099530
0.00094720
0.00098790
0.00096630
0.00094490
0.00130010
0.00109710
0.00093680
0.00093780
0.00095770
0.00140590
0.00094180
0.00114460
0.00123460
0.00092990
0.00091790
0.00090850
0.00091910
0.00092080
0.00091190
0.00104980
0.00110500
0.00125590
0.00148350
0.00093810
0.00095430
