1
198.00,108.00,29.00,103.00
196.00,107.00,29.00,103.00
194.00,106.00,29.00,103.00
193.00,104.00,29.00,103.00
193.00,103.00,29.00,103.00
194.00,103.00,29.00,103.00
193.00,101.00,29.00,103.00
196.00,60.00,29.00,103.00
208.00,23.00,29.00,103.00
183.00,18.00,29.00,103.00
186.00,18.00,29.00,103.00
192.00,18.00,29.00,103.00
191.00,20.00,29.00,103.00
192.00,21.00,29.00,103.00
2
0
0
0
0
1
197.00,49.00,29.00,103.00
213.00,21.00,29.00,103.00
215.00,21.00,29.00,103.00
216.00,20.00,29.00,103.00
216.00,21.00,29.00,103.00
216.00,22.00,29.00,103.00
216.00,21.00,29.00,103.00
215.00,17.00,29.00,103.00
216.00,16.00,29.00,103.00
217.00,16.00,29.00,103.00
218.00,16.00,29.00,103.00
219.00,17.00,29.00,103.00
221.00,18.00,29.00,103.00
222.00,18.00,29.00,103.00
220.00,14.00,29.00,103.00
220.00,14.00,29.00,103.00
220.00,15.00,29.00,103.00
221.00,16.00,29.00,103.00
222.00,18.00,29.00,103.00
221.00,19.00,29.00,103.00
221.00,20.00,29.00,103.00
221.00,22.00,29.00,103.00
220.00,25.00,29.00,103.00
222.00,28.00,29.00,103.00
222.00,28.00,29.00,103.00
220.00,27.00,29.00,103.00
221.00,27.00,29.00,103.00
219.00,29.00,29.00,103.00
216.00,32.00,29.00,103.00
213.00,32.00,29.00,103.00
210.00,31.00,29.00,103.00
206.00,30.00,29.00,103.00
202.00,28.00,29.00,103.00
198.00,23.00,29.00,103.00
197.00,22.00,29.00,103.00
196.00,21.00,29.00,103.00
195.00,23.00,29.00,103.00
196.00,26.00,29.00,103.00
198.00,27.00,29.00,103.00
198.00,26.00,29.00,103.00
200.00,28.00,29.00,103.00
203.00,31.00,29.00,103.00
2
0
0
0
0
1
210.00,111.00,29.00,101.00
217.00,112.00,29.00,101.00
200.00,166.00,29.00,101.00
203.00,164.00,29.00,101.00
204.00,161.00,29.00,101.00
203.00,160.00,29.00,101.00
200.00,159.00,29.00,101.00
199.00,139.00,29.00,101.00
194.00,141.00,29.00,101.00
191.00,142.00,29.00,101.00
191.00,140.00,29.00,101.00
191.00,139.00,29.00,101.00
196.00,134.00,29.00,101.00
202.00,126.00,29.00,101.00
206.00,123.00,29.00,101.00
207.00,123.00,29.00,101.00
208.00,123.00,29.00,101.00
209.00,124.00,29.00,101.00
210.00,125.00,29.00,101.00
200.00,129.00,29.00,101.00
199.00,133.00,29.00,101.00
201.00,124.00,29.00,101.00
201.00,128.00,29.00,101.00
203.00,133.00,29.00,101.00
209.00,135.00,29.00,101.00
212.00,139.00,29.00,101.00
216.00,143.00,29.00,101.00
195.00,132.00,29.00,101.00
196.00,136.00,29.00,101.00
194.00,140.00,29.00,101.00
189.00,142.00,29.00,101.00
189.00,145.00,29.00,101.00
190.00,147.00,29.00,101.00
193.00,149.00,29.00,101.00
196.00,151.00,29.00,101.00
200.00,153.00,29.00,101.00
202.00,154.00,29.00,101.00
203.00,153.00,29.00,101.00
206.00,152.00,29.00,101.00
209.00,149.00,29.00,101.00
213.00,147.00,29.00,101.00
216.00,145.00,29.00,101.00
221.00,143.00,29.00,101.00
225.00,143.00,29.00,101.00
228.00,142.00,29.00,101.00
2
0
0
0
0
1
220.00,94.00,29.00,93.00
198.00,107.00,29.00,93.00
215.00,81.00,29.00,93.00
215.00,77.00,29.00,93.00
216.00,77.00,29.00,93.00
218.00,78.00,29.00,93.00
221.00,77.00,29.00,93.00
222.00,76.00,29.00,93.00
225.00,76.00,29.00,93.00
227.00,77.00,29.00,93.00
218.00,119.00,29.00,93.00
218.00,118.00,29.00,93.00
220.00,118.00,29.00,93.00
221.00,119.00,29.00,93.00
221.00,119.00,29.00,93.00
222.00,119.00,29.00,93.00
223.00,121.00,29.00,93.00
225.00,122.00,29.00,93.00
227.00,121.00,29.00,93.00
229.00,121.00,29.00,93.00
228.00,121.00,29.00,93.00
228.00,159.00,29.00,93.00
215.00,149.00,29.00,93.00
219.00,147.00,29.00,93.00
222.00,146.00,29.00,93.00
212.00,120.00,29.00,93.00
225.00,112.00,29.00,93.00
245.00,138.00,29.00,93.00
244.00,139.00,29.00,93.00
242.00,142.00,29.00,93.00
241.00,145.00,29.00,93.00
247.00,142.00,29.00,93.00
248.00,143.00,29.00,93.00
254.00,141.00,29.00,93.00
2
0
0
0
0
1
236.00,68.00,29.00,93.00
237.00,68.00,29.00,93.00
239.00,67.00,29.00,93.00
241.00,66.00,29.00,93.00
241.00,65.00,29.00,93.00
241.00,66.00,29.00,93.00
240.00,66.00,29.00,93.00
240.00,67.00,29.00,93.00
240.00,67.00,29.00,93.00
238.00,66.00,29.00,93.00
237.00,67.00,29.00,93.00
235.00,67.00,29.00,93.00
234.00,68.00,29.00,93.00
235.00,68.00,29.00,93.00
232.00,66.00,29.00,93.00
229.00,64.00,29.00,93.00
226.00,65.00,29.00,93.00
221.00,69.00,29.00,93.00
221.00,69.00,29.00,93.00
224.00,65.00,29.00,93.00
224.00,64.00,29.00,93.00
224.00,64.00,29.00,93.00
223.00,64.00,29.00,93.00
222.00,64.00,29.00,93.00
220.00,62.00,29.00,93.00
218.00,65.00,29.00,93.00
201.00,90.00,29.00,93.00
202.00,90.00,29.00,93.00
201.00,90.00,29.00,93.00
201.00,89.00,29.00,93.00
202.00,90.00,29.00,93.00
202.00,91.00,29.00,93.00
189.00,82.00,29.00,93.00
190.00,78.00,29.00,93.00
224.00,96.00,29.00,93.00
202.00,92.00,29.00,93.00
201.00,91.00,29.00,93.00
2
0
0
0
0
1
212.00,79.00,29.00,93.00
2
0
0
0
0
1
208.00,117.00,29.00,89.00
209.00,119.00,29.00,89.00
210.00,123.00,29.00,89.00
211.00,128.00,29.00,89.00
209.00,97.00,29.00,89.00
210.00,98.00,29.00,89.00
208.00,98.00,29.00,89.00
208.00,99.00,29.00,89.00
208.00,100.00,29.00,89.00
204.00,109.00,29.00,89.00
204.00,109.00,29.00,89.00
204.00,109.00,29.00,89.00
205.00,109.00,29.00,89.00
205.00,108.00,29.00,89.00
206.00,108.00,29.00,89.00
206.00,107.00,29.00,89.00
204.00,109.00,29.00,89.00
203.00,110.00,29.00,89.00
203.00,111.00,29.00,89.00
203.00,111.00,29.00,89.00
202.00,111.00,29.00,89.00
201.00,110.00,29.00,89.00
200.00,109.00,29.00,89.00
199.00,108.00,29.00,89.00
197.00,107.00,29.00,89.00
195.00,106.00,29.00,89.00
194.00,105.00,29.00,89.00
194.00,104.00,29.00,89.00
195.00,103.00,29.00,89.00
197.00,102.00,29.00,89.00
191.00,108.00,29.00,89.00
191.00,108.00,29.00,89.00
192.00,108.00,29.00,89.00
193.00,108.00,29.00,89.00
195.00,107.00,29.00,89.00
198.00,107.00,29.00,89.00
202.00,106.00,29.00,89.00
205.00,105.00,29.00,89.00
207.00,105.00,29.00,89.00
209.00,105.00,29.00,89.00
210.00,105.00,29.00,89.00
209.00,106.00,29.00,89.00
210.00,105.00,29.00,89.00
210.00,103.00,29.00,89.00
210.00,102.00,29.00,89.00
211.00,99.00,29.00,89.00
212.00,96.00,29.00,89.00
212.00,94.00,29.00,89.00
211.00,92.00,29.00,89.00
210.00,90.00,29.00,89.00
210.00,90.00,29.00,89.00
211.00,91.00,29.00,89.00
211.00,91.00,29.00,89.00
212.00,92.00,29.00,89.00
219.00,86.00,29.00,89.00
220.00,86.00,29.00,89.00
220.00,88.00,29.00,89.00
222.00,91.00,29.00,89.00
222.00,94.00,29.00,89.00
215.00,91.00,29.00,89.00
216.00,91.00,29.00,89.00
217.00,91.00,29.00,89.00
218.00,92.00,29.00,89.00
217.00,92.00,29.00,89.00
215.00,92.00,29.00,89.00
212.00,92.00,29.00,89.00
210.00,92.00,29.00,89.00
207.00,92.00,29.00,89.00
206.00,91.00,29.00,89.00
204.00,90.00,29.00,89.00
204.00,89.00,29.00,89.00
206.00,89.00,29.00,89.00
206.00,90.00,29.00,89.00
205.00,90.00,29.00,89.00
206.00,87.00,29.00,89.00
2
0
0
0
0
1
151.00,104.00,29.00,93.00
150.00,103.00,29.00,93.00
171.00,136.00,29.00,93.00
171.00,134.00,29.00,93.00
173.00,133.00,29.00,93.00
174.00,132.00,29.00,93.00
176.00,132.00,29.00,93.00
177.00,133.00,29.00,93.00
178.00,132.00,29.00,93.00
179.00,132.00,29.00,93.00
180.00,132.00,29.00,93.00
180.00,132.00,29.00,93.00
2
0
0
0
0
1
138.00,94.00,28.00,71.00
136.00,97.00,28.00,71.00
134.00,98.00,28.00,71.00
132.00,99.00,28.00,71.00
130.00,99.00,28.00,71.00
129.00,98.00,28.00,71.00
126.00,97.00,28.00,71.00
124.00,96.00,28.00,71.00
122.00,95.00,28.00,71.00
122.00,94.00,28.00,71.00
125.00,96.00,28.00,71.00
126.00,97.00,28.00,71.00
127.00,97.00,28.00,71.00
127.00,98.00,28.00,71.00
126.00,98.00,28.00,71.00
125.00,98.00,28.00,71.00
125.00,99.00,28.00,71.00
121.00,98.00,28.00,71.00
119.00,97.00,28.00,71.00
117.00,95.00,28.00,71.00
116.00,95.00,28.00,71.00
117.00,97.00,28.00,71.00
120.00,99.00,28.00,71.00
123.00,102.00,28.00,71.00
125.00,105.00,28.00,71.00
127.00,110.00,28.00,71.00
128.00,113.00,28.00,71.00
126.00,111.00,28.00,71.00
128.00,111.00,28.00,71.00
133.00,111.00,28.00,71.00
141.00,110.00,28.00,71.00
147.00,109.00,28.00,71.00
149.00,108.00,28.00,71.00
153.00,108.00,28.00,71.00
154.00,108.00,28.00,71.00
153.00,109.00,28.00,71.00
151.00,109.00,28.00,71.00
148.00,110.00,28.00,71.00
143.00,110.00,28.00,71.00
140.00,110.00,28.00,71.00
136.00,111.00,28.00,71.00
134.00,111.00,28.00,71.00
154.00,82.00,28.00,71.00
155.00,81.00,28.00,71.00
153.00,80.00,28.00,71.00
152.00,80.00,28.00,71.00
152.00,79.00,28.00,71.00
152.00,79.00,28.00,71.00
151.00,79.00,28.00,71.00
150.00,79.00,28.00,71.00
149.00,79.00,28.00,71.00
147.00,79.00,28.00,71.00
146.00,79.00,28.00,71.00
147.00,76.00,28.00,71.00
148.00,73.00,28.00,71.00
148.00,71.00,28.00,71.00
149.00,70.00,28.00,71.00
152.00,70.00,28.00,71.00
159.00,71.00,28.00,71.00
163.00,72.00,28.00,71.00
165.00,75.00,28.00,71.00
167.00,79.00,28.00,71.00
169.00,83.00,28.00,71.00
169.00,87.00,28.00,71.00
169.00,90.00,28.00,71.00
169.00,93.00,28.00,71.00
169.00,95.00,28.00,71.00
168.00,97.00,28.00,71.00
169.00,98.00,28.00,71.00
169.00,99.00,28.00,71.00
167.00,100.00,28.00,71.00
165.00,101.00,28.00,71.00
164.00,103.00,28.00,71.00
162.00,104.00,28.00,71.00
159.00,105.00,28.00,71.00
157.00,105.00,28.00,71.00
158.00,103.00,28.00,71.00
158.00,99.00,28.00,71.00
158.00,93.00,28.00,71.00
159.00,87.00,28.00,71.00
161.00,82.00,28.00,71.00
164.00,77.00,28.00,71.00
167.00,72.00,28.00,71.00
170.00,69.00,28.00,71.00
174.00,68.00,28.00,71.00
175.00,67.00,28.00,71.00
175.00,67.00,28.00,71.00
176.00,68.00,28.00,71.00
176.00,69.00,28.00,71.00
175.00,71.00,28.00,71.00
172.00,74.00,28.00,71.00
168.00,78.00,28.00,71.00
165.00,82.00,28.00,71.00
161.00,85.00,28.00,71.00
156.00,89.00,28.00,71.00
152.00,93.00,28.00,71.00
149.00,97.00,28.00,71.00
146.00,100.00,28.00,71.00
144.00,101.00,28.00,71.00
144.00,102.00,28.00,71.00
145.00,102.00,28.00,71.00
147.00,101.00,28.00,71.00
149.00,99.00,28.00,71.00
152.00,97.00,28.00,71.00
154.00,95.00,28.00,71.00
154.00,93.00,28.00,71.00
156.00,91.00,28.00,71.00
159.00,88.00,28.00,71.00
161.00,86.00,28.00,71.00
162.00,85.00,28.00,71.00
163.00,83.00,28.00,71.00
164.00,80.00,28.00,71.00
164.00,78.00,28.00,71.00
165.00,75.00,28.00,71.00
166.00,73.00,28.00,71.00
166.00,72.00,28.00,71.00
166.00,71.00,28.00,71.00
164.00,71.00,28.00,71.00
163.00,71.00,28.00,71.00
161.00,71.00,28.00,71.00
160.00,72.00,28.00,71.00
158.00,72.00,28.00,71.00
157.00,72.00,28.00,71.00
154.00,72.00,28.00,71.00
152.00,71.00,28.00,71.00
150.00,70.00,28.00,71.00
148.00,69.00,28.00,71.00
148.00,68.00,28.00,71.00
148.00,67.00,28.00,71.00
148.00,67.00,28.00,71.00
148.00,66.00,28.00,71.00
149.00,63.00,28.00,71.00
150.00,61.00,28.00,71.00
151.00,59.00,28.00,71.00
152.00,58.00,28.00,71.00
153.00,56.00,28.00,71.00
154.00,56.00,28.00,71.00
156.00,55.00,28.00,71.00
158.00,54.00,28.00,71.00
162.00,54.00,28.00,71.00
167.00,55.00,28.00,71.00
169.00,58.00,28.00,71.00
168.00,65.00,28.00,71.00
169.00,69.00,28.00,71.00
170.00,73.00,28.00,71.00
170.00,77.00,28.00,71.00
169.00,80.00,28.00,71.00
170.00,80.00,28.00,71.00
170.00,81.00,28.00,71.00
170.00,81.00,28.00,71.00
170.00,82.00,28.00,71.00
171.00,82.00,28.00,71.00
172.00,83.00,28.00,71.00
172.00,85.00,28.00,71.00
169.00,88.00,28.00,71.00
165.00,92.00,28.00,71.00
163.00,95.00,28.00,71.00
161.00,97.00,28.00,71.00
159.00,99.00,28.00,71.00
159.00,99.00,28.00,71.00
158.00,100.00,28.00,71.00
157.00,100.00,28.00,71.00
157.00,100.00,28.00,71.00
157.00,99.00,28.00,71.00
158.00,99.00,28.00,71.00
158.00,99.00,28.00,71.00
157.00,100.00,28.00,71.00
157.00,100.00,28.00,71.00
158.00,100.00,28.00,71.00
158.00,100.00,28.00,71.00
157.00,99.00,28.00,71.00
157.00,97.00,28.00,71.00
158.00,95.00,28.00,71.00
158.00,93.00,28.00,71.00
158.00,91.00,28.00,71.00
159.00,88.00,28.00,71.00
159.00,85.00,28.00,71.00
160.00,84.00,28.00,71.00
162.00,81.00,28.00,71.00
164.00,79.00,28.00,71.00
167.00,77.00,28.00,71.00
168.00,75.00,28.00,71.00
169.00,73.00,28.00,71.00
169.00,72.00,28.00,71.00
170.00,71.00,28.00,71.00
170.00,70.00,28.00,71.00
170.00,69.00,28.00,71.00
170.00,68.00,28.00,71.00
169.00,68.00,28.00,71.00
169.00,68.00,28.00,71.00
169.00,69.00,28.00,71.00
170.00,69.00,28.00,71.00
170.00,69.00,28.00,71.00
170.00,69.00,28.00,71.00
171.00,69.00,28.00,71.00
171.00,68.00,28.00,71.00
171.00,67.00,28.00,71.00
172.00,66.00,28.00,71.00
172.00,64.00,28.00,71.00
171.00,64.00,28.00,71.00
170.00,64.00,28.00,71.00
168.00,64.00,28.00,71.00
165.00,65.00,28.00,71.00
162.00,65.00,28.00,71.00
161.00,65.00,28.00,71.00
159.00,66.00,28.00,71.00
156.00,66.00,28.00,71.00
153.00,67.00,28.00,71.00
150.00,66.00,28.00,71.00
147.00,65.00,28.00,71.00
145.00,63.00,28.00,71.00
142.00,62.00,28.00,71.00
141.00,61.00,28.00,71.00
140.00,61.00,28.00,71.00
139.00,61.00,28.00,71.00
138.00,62.00,28.00,71.00
136.00,63.00,28.00,71.00
135.00,63.00,28.00,71.00
135.00,63.00,28.00,71.00
134.00,63.00,28.00,71.00
134.00,63.00,28.00,71.00
134.00,62.00,28.00,71.00
135.00,63.00,28.00,71.00
136.00,65.00,28.00,71.00
137.00,69.00,28.00,71.00
139.00,75.00,28.00,71.00
142.00,80.00,28.00,71.00
145.00,86.00,28.00,71.00
150.00,91.00,28.00,71.00
157.00,94.00,28.00,71.00
159.00,96.00,28.00,71.00
159.00,96.00,28.00,71.00
159.00,96.00,28.00,71.00
158.00,93.00,28.00,71.00
155.00,88.00,28.00,71.00
155.00,85.00,28.00,71.00
155.00,81.00,28.00,71.00
155.00,76.00,28.00,71.00
154.00,72.00,28.00,71.00
154.00,71.00,28.00,71.00
153.00,69.00,28.00,71.00
152.00,67.00,28.00,71.00
152.00,66.00,28.00,71.00
151.00,65.00,28.00,71.00
149.00,63.00,28.00,71.00
142.00,62.00,28.00,71.00
137.00,59.00,28.00,71.00
134.00,56.00,28.00,71.00
129.00,51.00,28.00,71.00
126.00,46.00,28.00,71.00
129.00,38.00,28.00,71.00
116.00,27.00,28.00,71.00
127.00,38.00,28.00,71.00
153.00,30.00,28.00,71.00
2
0
0
0
0
1
247.00,67.00,41.00,148.00
242.00,71.00,41.00,148.00
210.00,74.00,41.00,148.00
202.00,78.00,41.00,148.00
206.00,95.00,41.00,148.00
211.00,97.00,41.00,148.00
212.00,103.00,41.00,148.00
204.00,118.00,41.00,148.00
195.00,156.00,41.00,148.00
207.00,173.00,41.00,148.00
212.00,136.00,41.00,148.00
152.00,133.00,41.00,148.00
143.00,155.00,41.00,148.00
137.00,155.00,41.00,148.00
133.00,152.00,41.00,148.00
134.00,168.00,41.00,148.00
138.00,163.00,41.00,148.00
139.00,157.00,41.00,148.00
2
0
0
0
0
1
147.00,73.00,57.00,156.00
144.00,73.00,57.00,156.00
146.00,76.00,57.00,156.00
137.00,97.00,57.00,156.00
