0.00203410
0.00337180
0.00295350
0.00267160
0.00261080
0.00253450
0.00309980
0.00317350
0.00256610
0.00275450
0.00275550
0.00276920
0.00291200
0.00296000
0.00302890
0.00271830
0.00000000
0.00000000
0.00000000
0.00000000
0.00188800
0.00263880
0.00253960
0.00268800
0.00263240
0.00268000
0.00266600
0.00265060
0.00286710
0.00303850
0.00277420
0.00274430
0.00266160
0.00263290
0.00270350
0.00262950
0.00263960
0.00261970
0.00283080
0.00298610
0.00268530
0.00262940
0.00272230
0.00268170
0.00263190
0.00264600
0.00271830
0.00273350
0.00282520
0.00306700
0.00261750
0.00279380
0.00268640
0.00251030
0.00252750
0.00260910
0.00258370
0.00251460
0.00267020
0.00339740
0.00278980
0.00290220
0.00324160
0.00293430
0.00000000
0.00000000
0.00000000
0.00000000
0.00131680
0.00171650
0.00175020
0.00140960
0.00136470
0.00144990
0.00135540
0.00135060
0.00138760
0.00133800
0.00134490
0.00135950
0.00140430
0.00148580
0.00137820
0.00134440
0.00134740
0.00133810
0.00133190
0.00156660
0.00147970
0.00141890
0.00140330
0.00139660
0.00149340
0.00151910
0.00139620
0.00138970
0.00142390
0.00141820
0.00140120
0.00139460
0.00140230
0.00141130
0.00141270
0.00153510
0.00174800
0.00144450
0.00146990
0.00153690
0.00172930
0.00145440
0.00140210
0.00139920
0.00148220
0.00142530
0.00142030
0.00000000
0.00000000
0.00000000
0.00000000
0.00156200
0.00210800
0.00212470
0.00230170
0.00209830
0.00209280
0.00210160
0.00209120
0.00215850
0.00209550
0.00209920
0.00209120
0.00209090
0.00210610
0.00208830
0.00208630
0.00208390
0.00208850
0.00216070
0.00208760
0.00225630
0.00232310
0.00217000
0.00213750
0.00210430
0.00208390
0.00207640
0.00208910
0.00208360
0.00209630
0.00206890
0.00207250
0.00207220
0.00207210
0.00212260
0.00208290
0.00000000
0.00000000
0.00000000
0.00000000
0.00197880
0.00240910
0.00245220
0.00216420
0.00215160
0.00213660
0.00199970
0.00202200
0.00201230
0.00202250
0.00203360
0.00198690
0.00198380
0.00204430
0.00199160
0.00197760
0.00197490
0.00197700
0.00243220
0.00260450
0.00207240
0.00204180
0.00204310
0.00204220
0.00197310
0.00197640
0.00197230
0.00199030
0.00238040
0.00207870
0.00206190
0.00211990
0.00234980
0.00220730
0.00203040
0.00198500
0.00201980
0.00198620
0.00209610
0.00000000
0.00000000
0.00000000
0.00000000
0.00145570
0.00200310
0.00198020
0.00000000
0.00000000
0.00000000
0.00000000
0.00187060
0.00263150
0.00261030
0.00256490
0.00259240
0.00256400
0.00273100
0.00277540
0.00265410
0.00268210
0.00283820
0.00265640
0.00268160
0.00255560
0.00274480
0.00277390
0.00263840
0.00255490
0.00255340
0.00257660
0.00255830
0.00256150
0.00268230
0.00297430
0.00277060
0.00263960
0.00267170
0.00291900
0.00271180
0.00261340
0.00281380
0.00286820
0.00266940
0.00257290
0.00260440
0.00256100
0.00258540
0.00256300
0.00255920
0.00255860
0.00281770
0.00258090
0.00256700
0.00256860
0.00286250
0.00260220
0.00257920
0.00259220
0.00264810
0.00271420
0.00263540
0.00267280
0.00284890
0.00272320
0.00268100
0.00268820
0.00267910
0.00272510
0.00271640
0.00268160
0.00267500
0.00277720
0.00269140
0.00269130
0.00268470
0.00279780
0.00274150
0.00270450
0.00269560
0.00270840
0.00269700
0.00268790
0.00267710
0.00270670
0.00276760
0.00272640
0.00270480
0.00000000
0.00000000
0.00000000
0.00000000
0.00194300
0.00242390
0.00218650
0.00202090
0.00199600
0.00199810
0.00206180
0.00200370
0.00200190
0.00204500
0.00199210
0.00214870
0.00220190
0.00203570
0.00000000
0.00000000
0.00000000
0.00000000
0.00089720
0.00105120
0.00101750
0.00102100
0.00116930
0.00122870
0.00121510
0.00114490
0.00113330
0.00107750
0.00108600
0.00111090
0.00107100
0.00104680
0.00113150
0.00104620
0.00104550
0.00105610
0.00101980
0.00109590
0.00105570
0.00101390
0.00102740
0.00101970
0.00101800
0.00101440
0.00103990
0.00101720
0.00105260
0.00104910
0.00106500
0.00105700
0.00106440
0.00106160
0.00105710
0.00108430
0.00107740
0.00108620
0.00107540
0.00106950
0.00107320
0.00107160
0.00108750
0.00108660
0.00108770
0.00106470
0.00105410
0.00105690
0.00105520
0.00106580
0.00110550
0.00109950
0.00112020
0.00109220
0.00107990
0.00107570
0.00107760
0.00106840
0.00107170
0.00106360
0.00106480
0.00106260
0.00106810
0.00105860
0.00107440
0.00106310
0.00106400
0.00107230
0.00106800
0.00105820
0.00107260
0.00110080
0.00111200
0.00115930
0.00108330
0.00107090
0.00106980
0.00106380
0.00108810
0.00109510
0.00107800
0.00109790
0.00108240
0.00107520
0.00112840
0.00115460
0.00122430
0.00164170
0.00125680
0.00120240
0.00113250
0.00120790
0.00111680
0.00118770
0.00121130
0.00126330
0.00148730
0.00118330
0.00134100
0.00166570
0.00114580
0.00115530
0.00114710
0.00116600
0.00109100
0.00107940
0.00108540
0.00108310
0.00118000
0.00111790
0.00110470
0.00107850
0.00107110
0.00108380
0.00106810
0.00107620
0.00179240
0.00184810
0.00190840
0.00114510
0.00106220
0.00105780
0.00107520
0.00110180
0.00122540
0.00109900
0.00107090
0.00110610
0.00110090
0.00113690
0.00109730
0.00108930
0.00108810
0.00106410
0.00117280
0.00106410
0.00110730
0.00105980
0.00118610
0.00110420
0.00105600
0.00106140
0.00105570
0.00106250
0.00126320
0.00109390
0.00108150
0.00107370
0.00107540
0.00114830
0.00109480
0.00108080
0.00107480
0.00114170
0.00117810
0.00112260
0.00107410
0.00105780
0.00115340
0.00119710
0.00121870
0.00107410
0.00111200
0.00139750
0.00116790
0.00108460
0.00107080
0.00107040
0.00106040
0.00105370
0.00105230
0.00110810
0.00107420
0.00106160
0.00112690
0.00118650
0.00109550
0.00105190
0.00106710
0.00106640
0.00105790
0.00111470
0.00121530
0.00119550
0.00115220
0.00108170
0.00111810
0.00110470
0.00111850
0.00108630
0.00107650
0.00108300
0.00108270
0.00107020
0.00107810
0.00112630
0.00106910
0.00106770
0.00123710
0.00139040
0.00111770
0.00107710
0.00119140
0.00107150
0.00106800
0.00106770
0.00106790
0.00107300
0.00112260
0.00110140
0.00192210
0.00185970
0.00188050
0.00185530
0.00135490
0.00122100
0.00109060
0.00107920
0.00107270
0.00106870
0.00110070
0.00164990
0.00183050
0.00178350
0.00173310
0.00183370
0.00164920
0.00112890
0.00122880
0.00110510
0.00110830
0.00112560
0.00115010
0.00110910
0.00112250
0.00109180
0.00124320
0.00116880
0.00113050
0.00116990
0.00112170
0.00114020
0.00112380
0.00108810
0.00109490
0.00113720
0.00115180
0.00107520
0.00106440
0.00106050
0.00108790
0.00107690
0.00107110
0.00106060
0.00132680
0.00107990
0.00000000
0.00000000
0.00000000
0.00000000
0.00522810
0.00706910
0.00659140
0.00673550
0.00663770
0.00704790
0.00754690
0.00660140
0.00668480
0.00655760
0.00675170
0.00669700
0.00694240
0.00788570
0.00659840
0.00670850
0.00721900
0.00745660
0.00659310
0.00673490
0.00000000
0.00000000
0.00000000
0.00000000
0.00354480
0.00554680
0.00531470
0.00475590
0.00433060
