0.00001560
0.00043400
0.00035860
0.00031200
0.00030920
0.00033780
0.00030550
0.00030430
0.00033610
0.00031010
0.00031040
0.00031110
0.00035920
0.00034320
0.00034540
0.00035940
0.00031680
0.00030580
0.00030990
0.00031470
0.00033460
0.00032120
0.00033500
0.00039340
0.00034400
0.00033670
0.00038060
0.00068290
0.00063410
0.00041840
0.00038340
0.00035540
0.00034800
0.00039920
0.00036500
0.00053490
0.00062650
0.00050150
0.00000000
0.00000000
0.00000000
0.00000000
0.00002230
0.00127870
0.00098660
0.00099210
0.00097060
0.00065960
0.00075160
0.00000000
0.00000000
0.00000000
0.00000000
0.00008290
0.00065840
0.00051910
0.00051260
0.00048580
0.00048450
0.00047340
0.00056120
0.00094760
0.00093180
0.00090890
0.00086190
0.00091010
0.00087640
0.00091990
0.00089940
0.00086540
0.00067120
0.00048320
0.00046750
0.00048580
0.00076290
0.00054620
0.00051030
0.00046690
0.00046670
0.00045600
0.00050040
0.00047580
0.00046440
0.00046780
0.00047810
0.00046210
0.00045950
0.00045870
0.00046630
0.00055760
0.00043940
0.00043080
0.00047320
0.00047300
0.00051980
0.00050750
0.00057030
0.00050780
0.00047960
0.00046480
0.00050720
0.00050220
0.00059710
0.00048660
0.00051340
0.00049740
0.00048740
0.00048560
0.00054260
0.00053210
0.00085740
0.00058610
0.00049520
0.00047470
0.00048340
0.00090690
0.00074350
0.00049970
0.00047330
0.00055270
0.00050960
0.00053520
0.00049210
0.00000000
0.00000000
0.00000000
0.00000000
0.00011030
0.00070600
0.00075160
0.00075050
0.00057040
0.00081160
0.00044620
0.00041790
0.00040800
0.00044300
0.00043300
0.00041620
0.00047440
0.00044060
0.00042730
0.00043560
0.00046200
0.00000000
0.00000000
0.00000000
0.00000000
0.00001160
0.00050550
0.00065510
0.00053180
0.00048410
0.00048630
0.00048530
0.00000000
0.00000000
0.00000000
0.00000000
0.00001800
0.00074120
0.00131340
0.00134510
0.00077120
0.00124310
0.00111570
0.00074150
0.00109390
0.00080430
0.00065660
0.00064480
0.00076090
0.00064830
0.00072240
0.00075540
0.00071590
0.00062700
0.00060740
0.00064000
0.00077240
0.00077690
0.00099900
0.00000000
0.00000000
0.00000000
0.00000000
0.00022590
0.00150900
0.00080570
0.00082930
0.00084540
0.00088250
0.00141480
0.00098870
0.00091170
0.00088840
0.00077000
0.00084920
0.00113740
0.00094310
0.00088610
0.00107830
0.00091020
0.00091190
0.00078490
0.00086000
0.00148530
0.00089520
0.00076810
0.00085610
0.00086060
0.00079650
0.00065950
0.00099320
0.00069430
0.00071300
0.00070150
0.00000000
0.00000000
0.00000000
0.00000000
0.00007610
0.00057840
0.00053930
0.00047980
0.00054020
0.00051130
0.00052530
0.00054220
0.00050220
0.00047770
0.00047100
0.00045860
0.00047160
0.00047480
0.00050030
0.00048640
0.00053910
0.00050520
0.00054500
0.00050020
0.00049490
0.00042430
0.00045920
