1
225.00,92.00,43.00,45.00
226.00,92.00,43.00,45.00
226.00,92.00,43.00,45.00
226.00,92.00,43.00,45.00
225.00,92.00,43.00,45.00
223.00,92.00,43.00,45.00
222.00,92.00,43.00,45.00
221.00,92.00,43.00,45.00
219.00,92.00,43.00,45.00
218.00,92.00,43.00,45.00
216.00,93.00,43.00,45.00
214.00,96.00,43.00,45.00
211.00,96.00,43.00,45.00
207.00,95.00,43.00,45.00
204.00,96.00,43.00,45.00
201.00,96.00,43.00,45.00
198.00,95.00,43.00,45.00
194.00,94.00,43.00,45.00
195.00,80.00,43.00,45.00
192.00,101.00,43.00,45.00
193.00,107.00,43.00,45.00
174.00,93.00,43.00,45.00
170.00,95.00,43.00,45.00
171.00,102.00,43.00,45.00
162.00,82.00,43.00,45.00
157.00,105.00,43.00,45.00
146.00,107.00,43.00,45.00
136.00,110.00,43.00,45.00
124.00,113.00,43.00,45.00
111.00,117.00,43.00,45.00
99.00,124.00,43.00,45.00
79.00,115.00,43.00,45.00
68.00,115.00,43.00,45.00
60.00,118.00,43.00,45.00
62.00,130.00,43.00,45.00
56.00,153.00,43.00,45.00
2
0
0
0
0
1
37.00,144.00,60.00,48.00
37.00,144.00,60.00,48.00
37.00,144.00,60.00,48.00
37.00,145.00,60.00,48.00
37.00,145.00,60.00,48.00
2
0
0
0
0
1
139.00,90.00,52.00,58.00
149.00,84.00,52.00,58.00
157.00,79.00,52.00,58.00
161.00,70.00,52.00,58.00
189.00,45.00,52.00,58.00
189.00,45.00,52.00,58.00
187.00,36.00,52.00,58.00
187.00,32.00,52.00,58.00
187.00,35.00,52.00,58.00
188.00,41.00,52.00,58.00
189.00,40.00,52.00,58.00
199.00,35.00,52.00,58.00
200.00,35.00,52.00,58.00
216.00,39.00,52.00,58.00
220.00,43.00,52.00,58.00
222.00,43.00,52.00,58.00
222.00,43.00,52.00,58.00
221.00,43.00,52.00,58.00
221.00,44.00,52.00,58.00
223.00,47.00,52.00,58.00
220.00,51.00,52.00,58.00
219.00,54.00,52.00,58.00
220.00,56.00,52.00,58.00
219.00,58.00,52.00,58.00
219.00,59.00,52.00,58.00
222.00,64.00,52.00,58.00
222.00,70.00,52.00,58.00
224.00,79.00,52.00,58.00
226.00,81.00,52.00,58.00
228.00,81.00,52.00,58.00
231.00,98.00,52.00,58.00
233.00,104.00,52.00,58.00
234.00,106.00,52.00,58.00
239.00,108.00,52.00,58.00
244.00,110.00,52.00,58.00
245.00,111.00,52.00,58.00
245.00,111.00,52.00,58.00
240.00,128.00,52.00,58.00
238.00,147.00,52.00,58.00
236.00,125.00,52.00,58.00
233.00,122.00,52.00,58.00
234.00,109.00,52.00,58.00
232.00,107.00,52.00,58.00
227.00,101.00,52.00,58.00
225.00,98.00,52.00,58.00
209.00,114.00,52.00,58.00
196.00,85.00,52.00,58.00
164.00,103.00,52.00,58.00
161.00,104.00,52.00,58.00
181.00,116.00,52.00,58.00
165.00,102.00,52.00,58.00
161.00,104.00,52.00,58.00
154.00,102.00,52.00,58.00
145.00,99.00,52.00,58.00
134.00,100.00,52.00,58.00
123.00,101.00,52.00,58.00
111.00,98.00,52.00,58.00
106.00,100.00,52.00,58.00
106.00,100.00,52.00,58.00
106.00,93.00,52.00,58.00
119.00,106.00,52.00,58.00
133.00,113.00,52.00,58.00
135.00,111.00,52.00,58.00
137.00,110.00,52.00,58.00
138.00,111.00,52.00,58.00
138.00,110.00,52.00,58.00
138.00,108.00,52.00,58.00
137.00,106.00,52.00,58.00
2
0
0
0
0
1
152.00,60.00,34.00,51.00
154.00,58.00,34.00,51.00
161.00,60.00,34.00,51.00
165.00,61.00,34.00,51.00
168.00,62.00,34.00,51.00
170.00,62.00,34.00,51.00
171.00,61.00,34.00,51.00
173.00,59.00,34.00,51.00
176.00,58.00,34.00,51.00
178.00,59.00,34.00,51.00
179.00,59.00,34.00,51.00
179.00,58.00,34.00,51.00
181.00,66.00,34.00,51.00
182.00,61.00,34.00,51.00
177.00,52.00,34.00,51.00
2
0
0
0
0
1
175.00,78.00,43.00,59.00
169.00,85.00,43.00,59.00
159.00,92.00,43.00,59.00
175.00,62.00,43.00,59.00
176.00,72.00,43.00,59.00
2
0
0
0
0
1
92.00,137.00,53.00,61.00
92.00,137.00,53.00,61.00
93.00,137.00,53.00,61.00
62.00,146.00,53.00,61.00
60.00,148.00,53.00,61.00
60.00,150.00,53.00,61.00
58.00,152.00,53.00,61.00
57.00,151.00,53.00,61.00
58.00,152.00,53.00,61.00
58.00,152.00,53.00,61.00
59.00,151.00,53.00,61.00
57.00,159.00,53.00,61.00
60.00,150.00,53.00,61.00
60.00,150.00,53.00,61.00
60.00,150.00,53.00,61.00
58.00,159.00,53.00,61.00
61.00,152.00,53.00,61.00
65.00,147.00,53.00,61.00
70.00,141.00,53.00,61.00
75.00,138.00,53.00,61.00
75.00,133.00,53.00,61.00
2
0
0
0
0
1
55.00,78.00,64.00,69.00
60.00,76.00,64.00,69.00
63.00,74.00,64.00,69.00
67.00,71.00,64.00,69.00
71.00,68.00,64.00,69.00
75.00,67.00,64.00,69.00
77.00,67.00,64.00,69.00
80.00,69.00,64.00,69.00
82.00,71.00,64.00,69.00
81.00,73.00,64.00,69.00
81.00,74.00,64.00,69.00
82.00,76.00,64.00,69.00
86.00,80.00,64.00,69.00
88.00,82.00,64.00,69.00
94.00,88.00,64.00,69.00
96.00,91.00,64.00,69.00
97.00,93.00,64.00,69.00
101.00,99.00,64.00,69.00
104.00,104.00,64.00,69.00
111.00,107.00,64.00,69.00
113.00,106.00,64.00,69.00
121.00,111.00,64.00,69.00
132.00,145.00,64.00,69.00
133.00,146.00,64.00,69.00
170.00,157.00,64.00,69.00
156.00,133.00,64.00,69.00
175.00,159.00,64.00,69.00
178.00,158.00,64.00,69.00
180.00,155.00,64.00,69.00
2
0
0
0
0
1
207.00,100.00,45.00,57.00
210.00,101.00,45.00,57.00
211.00,101.00,45.00,57.00
212.00,108.00,45.00,57.00
214.00,108.00,45.00,57.00
224.00,100.00,45.00,57.00
226.00,103.00,45.00,57.00
225.00,124.00,45.00,57.00
225.00,124.00,45.00,57.00
225.00,124.00,45.00,57.00
225.00,124.00,45.00,57.00
226.00,125.00,45.00,57.00
227.00,126.00,45.00,57.00
224.00,146.00,45.00,57.00
224.00,146.00,45.00,57.00
224.00,146.00,45.00,57.00
225.00,150.00,45.00,57.00
224.00,151.00,45.00,57.00
223.00,162.00,45.00,57.00
223.00,166.00,45.00,57.00
231.00,154.00,45.00,57.00
230.00,151.00,45.00,57.00
