0.00008770
0.00142660
0.00142210
0.00174740
0.00153840
0.00146350
0.00173910
0.00153490
0.00151240
0.00180160
0.00163320
0.00165080
0.00187340
0.00183110
0.00147190
0.00141200
0.00155200
0.00158880
0.00156460
0.00175030
0.00156750
0.00145710
0.00140550
0.00140250
0.00142430
0.00142490
0.00143280
0.00152430
0.00154460
0.00142970
0.00137780
0.00125870
0.00153100
0.00112650
0.00134750
0.00142260
0.00147930
0.00147090
0.00145000
0.00144080
0.00144090
0.00156480
0.00144860
0.00144980
0.00143840
0.00160150
0.00147450
0.00151840
0.00151110
0.00141150
0.00145930
0.00151890
0.00146850
0.00151500
0.00145730
0.00154920
0.00156030
0.00146880
0.00147830
0.00147370
0.00147230
0.00153820
0.00165300
0.00160270
0.00152000
0.00155670
0.00165490
0.00151700
0.00147870
0.00156880
0.00163960
0.00153360
0.00150390
0.00148730
0.00149010
0.00148970
0.00156570
0.00160000
0.00152990
0.00143320
0.00155930
0.00156240
0.00155280
0.00149270
0.00154720
0.00160690
0.00157240
0.00149610
0.00153180
0.00159820
0.00153710
0.00147810
0.00149430
0.00148430
0.00149030
0.00155210
0.00165300
0.00153000
0.00150020
0.00155320
0.00164220
0.00154240
0.00215600
0.00161310
0.00164540
0.00153520
0.00146730
0.00149380
0.00174880
0.00143170
0.00134280
0.00105980
0.00094260
0.00096510
0.00124170
0.00127680
0.00120960
0.00136470
0.00140030
0.00141030
0.00158320
0.00148780
0.00149170
0.00175750
0.00150120
0.00150350
0.00152740
0.00154640
0.00153880
0.00141640
0.00144680
0.00150910
0.00146170
0.00140130
0.00142050
0.00142380
0.00145180
0.00208820
0.00181950
0.00144020
0.00144430
0.00150370
0.00157790
0.00153130
0.00148160
0.00142670
0.00154270
0.00147600
0.00142490
0.00139840
0.00147670
0.00146470
0.00148190
0.00146070
0.00148630
0.00150230
0.00149930
0.00155580
0.00150920
0.00151160
0.00156830
0.00162010
0.00155920
0.00151060
0.00164030
0.00161500
0.00156740
0.00150770
0.00149840
0.00151050
0.00150840
0.00149880
0.00149780
0.00152190
0.00000000
0.00000000
0.00000000
0.00000000
0.00008370
0.00096090
0.00069560
0.00065050
0.00066240
0.00065010
0.00070660
0.00065020
0.00065400
0.00065050
0.00066610
0.00066800
0.00064720
0.00065200
0.00102110
0.00067020
0.00067460
0.00065440
0.00065870
0.00067300
0.00064790
0.00065380
0.00064760
0.00065240
0.00067260
0.00066450
0.00064770
0.00074340
0.00065930
0.00065360
0.00065500
0.00063370
0.00061700
0.00062620
0.00062960
0.00062120
0.00062280
0.00062740
0.00069690
0.00062230
0.00061920
0.00062250
0.00061570
0.00062330
0.00061470
0.00062260
0.00063260
0.00065610
0.00062570
0.00061610
0.00067310
0.00063340
0.00061760
0.00056790
0.00053030
0.00051070
0.00051080
0.00051540
0.00051570
0.00056970
0.00062120
0.00062810
0.00062350
0.00072670
0.00061930
0.00062190
0.00062250
0.00066860
0.00062540
0.00061980
0.00062490
0.00063020
0.00082280
0.00096930
0.00070560
0.00054400
0.00053430
0.00052520
0.00052630
0.00053890
0.00066560
0.00074120
0.00062300
0.00062150
0.00062440
0.00061750
0.00062290
0.00061650
0.00062330
0.00062400
0.00061200
0.00062070
0.00099200
0.00064700
0.00068690
0.00067070
0.00062660
0.00062170
0.00061400
0.00063760
0.00062380
0.00062320
0.00063000
0.00077490
0.00062940
0.00062340
0.00063180
0.00062580
0.00062780
0.00062700
0.00062580
0.00062200
0.00062990
0.00063910
0.00062270
0.00053020
0.00053680
0.00070250
0.00063660
0.00063130
0.00073990
0.00074460
0.00073180
0.00074430
0.00073410
0.00062390
0.00098130
0.00065230
0.00062910
0.00062170
0.00061880
0.00062070
0.00062530
0.00062080
0.00062840
0.00061530
0.00075110
0.00063810
0.00062720
0.00069410
0.00063750
0.00062490
0.00067820
0.00063340
0.00063040
0.00064930
0.00061630
0.00062730
0.00061540
0.00062360
0.00076110
0.00074360
0.00062940
0.00066570
0.00101550
0.00063470
0.00063590
0.00063020
0.00062040
0.00063080
0.00070530
0.00062420
0.00062370
0.00062600
0.00079910
0.00061720
0.00062390
0.00061890
0.00062610
0.00062440
0.00062670
0.00085930
0.00063130
0.00062580
0.00061990
0.00062040
0.00062190
0.00062100
0.00062880
0.00061870
0.00067520
0.00062240
0.00068820
0.00062140
0.00061670
0.00066990
0.00061440
0.00065760
0.00067360
0.00062510
0.00063050
0.00062520
0.00062700
0.00061600
0.00062750
0.00061650
0.00062820
0.00062900
0.00062510
0.00065620
0.00062290
0.00062500
0.00062630
0.00061480
0.00062150
0.00069570
0.00062460
0.00062360
0.00097140
0.00065060
0.00063210
0.00053770
0.00061500
0.00063020
0.00064250
0.00062070
0.00088310
0.00063110
0.00062400
0.00061790
0.00063340
0.00063290
0.00062780
0.00063290
0.00072520
0.00063440
