0.00001390
0.00188140
0.00189050
0.00183940
0.00158450
0.00193900
0.00163510
0.00185270
0.00181750
0.00179140
0.00180490
0.00190700
0.00180490
0.00195560
0.00159310
0.00178300
0.00179280
0.00179870
0.00156360
0.00189440
0.00160290
0.00178250
0.00180790
0.00179190
0.00156780
0.00175230
0.00159400
0.00191430
0.00164200
0.00182140
0.00181900
0.00179970
0.00156550
0.00191900
0.00158270
0.00179070
0.00179450
0.00181280
0.00157140
0.00190190
0.00157470
0.00179630
0.00156260
0.00175640
0.00180400
0.00183470
0.00175710
0.00194540
0.00157810
0.00183420
0.00181300
0.00179120
0.00156630
0.00193570
0.00165100
0.00187090
0.00198680
0.00179420
0.00158070
0.00174190
0.00158430
0.00186990
0.00151540
0.00171500
0.00171420
0.00176080
0.00158530
0.00182070
0.00151350
0.00172210
0.00170600
0.00171950
0.00161610
0.00185710
0.00150960
0.00187060
0.00154820
0.00175800
0.00177010
0.00171650
0.00150420
0.00187190
0.00151320
0.00171910
0.00182530
0.00172280
0.00151420
0.00183050
0.00153570
0.00172070
0.00155930
0.00172080
0.00172810
0.00176730
0.00169480
0.00196600
0.00150940
0.00171580
0.00171540
0.00175790
0.00160300
0.00192130
0.00154180
0.00160420
0.00164220
0.00163060
0.00146990
0.00158830
0.00147130
0.00176800
0.00159410
0.00178630
0.00166750
0.00161800
0.00157030
0.00178770
0.00147530
0.00163670
0.00169150
0.00185150
0.00170380
0.00181390
0.00148580
0.00161860
0.00145780
0.00167990
0.00147310
0.00166560
0.00176370
0.00178060
0.00146920
0.00166000
0.00145590
0.00159520
0.00150200
0.00159920
0.00150450
0.00167740
0.00158800
0.00174280
0.00178330
0.00171140
0.00153420
0.00173710
0.00157100
0.00170780
0.00177080
0.00177060
0.00157860
0.00200470
0.00162250
0.00181280
0.00179640
0.00176660
0.00155220
0.00189430
0.00157340
0.00178970
0.00179090
0.00178860
0.00156950
0.00189230
0.00156420
0.00177330
0.00177390
0.00177940
0.00159210
0.00173910
0.00156310
0.00172990
0.00164070
0.00180030
0.00164470
0.00170850
0.00150990
0.00170690
0.00150310
0.00172580
0.00152780
0.00174770
0.00152170
0.00174530
0.00150180
0.00172430
0.00177490
0.00171680
0.00149630
0.00166720
0.00149430
0.00182100
0.00158930
0.00172920
0.00171580
0.00171580
0.00149420
0.00181810
0.00156890
0.00173000
0.00172290
0.00170970
0.00150800
0.00184700
0.00160700
0.00172070
0.00179160
0.00171470
0.00150510
0.00181890
0.00157770
0.00171890
0.00150240
0.00166980
0.00151920
0.00171640
0.00174490
0.00171750
0.00150090
0.00166310
0.00149460
0.00167380
0.00150290
0.00195760
0.00154970
0.00184540
0.00156740
0.00177660
0.00189060
0.00184970
0.00158440
0.00175140
0.00159550
0.00175280
0.00193740
0.00172430
0.00151040
0.00181810
0.00150630
0.00171710
0.00176730
0.00172050
0.00149810
0.00185830
0.00150390
0.00171780
0.00171350
0.00173190
0.00153380
0.00182610
0.00151020
0.00174250
0.00172440
0.00171210
0.00149850
0.00166500
0.00150240
0.00166020
0.00164070
0.00175760
0.00150260
0.00167570
0.00151040
0.00167340
0.00156380
0.00166220
0.00149720
0.00166590
0.00150170
0.00166610
0.00150690
0.00174300
0.00170910
0.00171580
0.00174110
0.00174500
0.00154090
0.00169950
0.00170430
0.00178550
0.00149690
0.00168480
0.00150710
0.00167740
0.00150070
0.00186670
0.00150330
0.00171650
0.00152970
0.00167260
0.00150770
0.00166500
0.00171340
0.00172720
0.00152180
0.00175420
0.00166620
0.00169740
0.00157270
0.00181950
0.00151400
0.00182700
0.00149310
0.00166820
0.00149460
0.00167510
0.00156960
0.00189060
0.00153070
0.00166400
0.00170840
0.00170970
0.00150830
0.00174970
0.00149990
0.00166970
0.00149560
0.00184270
0.00150600
0.00193830
0.00156320
0.00173520
0.00168530
0.00171550
0.00157740
0.00183200
0.00159740
0.00172120
0.00173670
0.00171980
0.00153750
0.00184290
0.00159300
0.00171540
0.00150680
0.00183430
0.00151270
0.00192760
0.00158970
0.00172540
0.00156560
0.00167770
0.00172460
0.00175890
0.00150320
0.00168850
0.00151720
0.00169090
0.00150620
0.00193980
0.00168570
0.00174940
0.00150790
0.00190490
0.00151700
0.00179840
0.00150430
0.00167650
0.00151460
0.00168320
0.00171750
0.00180510
0.00150890
0.00170420
0.00170060
0.00172190
0.00150960
0.00167570
0.00155990
0.00177480
0.00153260
0.00188810
0.00151330
0.00173950
0.00158510
0.00168130
0.00150850
0.00167930
0.00172890
0.00171990
0.00151090
0.00169070
0.00150850
0.00167460
0.00150490
0.00183960
0.00165460
0.00172170
0.00150040
0.00168090
0.00150970
0.00168390
0.00165040
0.00179090
0.00154240
0.00169100
0.00172820
0.00173690
0.00158680
0.00168450
0.00152000
0.00167190
0.00150300
0.00183620
0.00167850
0.00171120
0.00149900
0.00172650
0.00171010
0.00174260
0.00157680
0.00166560
0.00150260
0.00166690
0.00171010
0.00172350
0.00158480
