0.00197470
0.00298370
0.00301100
0.00301700
0.00306590
0.00279380
0.00281900
0.00261420
0.00269150
0.00268900
0.00266710
0.00261190
0.00259110
0.00282040
0.00291770
0.00262130
0.00259230
0.00266030
0.00263780
0.00262250
0.00258980
0.00260100
0.00262870
0.00263090
0.00262160
0.00270430
0.00265910
0.00261650
0.00258720
0.00258690
0.00260650
0.00260290
0.00259390
0.00273450
0.00308000
0.00263720
0.00271990
0.00288800
0.00264640
0.00261630
0.00265180
0.00260400
0.00265580
0.00261440
0.00261110
0.00259750
0.00258900
0.00260270
0.00259750
0.00260910
0.00260670
0.00263790
0.00261710
0.00259990
0.00261050
0.00262880
0.00261330
0.00262030
0.00264800
0.00278860
0.00299470
0.00261990
0.00260380
0.00261240
0.00261590
0.00261370
0.00260980
0.00262020
0.00262230
0.00273500
0.00284990
0.00250720
0.00250010
0.00251130
0.00249830
0.00254720
0.00252110
0.00270580
0.00265380
0.00268520
0.00289130
0.00277430
0.00256610
0.00250770
0.00248960
0.00249310
0.00270790
0.00255440
0.00249530
0.00261550
0.00300090
0.00251280
0.00261860
0.00293070
0.00258200
0.00254940
0.00256200
0.00256200
0.00260430
0.00284540
0.00308440
0.00264240
0.00274580
0.00299550
0.00261320
0.00260970
0.00260700
0.00263420
0.00265960
0.00261240
0.00264780
0.00263340
0.00281540
0.00300390
0.00264240
0.00263640
0.00264050
0.00260800
0.00260040
0.00262950
0.00264310
0.00260660
0.00260380
0.00261710
0.00269270
0.00263410
0.00261400
0.00262100
0.00268040
0.00265380
0.00272490
0.00296990
0.00263310
0.00264530
0.00262040
0.00261520
0.00260620
0.00295990
0.00306780
0.00262660
0.00259970
0.00262410
0.00261350
0.00260590
0.00262850
0.00264570
0.00264360
0.00261700
0.00262070
0.00261150
0.00263480
0.00256930
0.00249650
0.00250600
0.00249460
0.00265010
0.00272210
0.00252100
0.00249690
0.00322510
0.00250400
0.00254720
0.00266080
0.00320580
0.00267950
0.00263650
0.00259530
0.00252930
0.00257490
0.00250490
0.00249740
0.00253870
0.00261540
0.00249610
0.00248790
0.00250010
0.00264170
0.00254650
0.00250730
0.00261150
0.00276790
0.00298770
0.00261850
0.00262470
0.00259970
0.00265050
0.00260380
0.00271720
0.00289260
0.00262720
0.00263880
0.00266500
0.00261530
0.00261090
0.00260570
0.00260050
0.00259580
0.00262820
0.00270160
0.00263150
0.00261760
0.00261460
0.00262660
0.00260670
0.00259990
0.00271310
0.00285910
0.00000000
0.00000000
0.00000000
0.00000000
0.00394310
0.00558140
0.00562920
0.00555950
0.00559360
0.00574640
0.00581810
0.00622330
0.00561410
0.00573780
0.00561260
0.00555440
0.00583470
0.00562540
0.00615970
0.00591410
0.00588200
0.00584610
0.00580000
0.00881890
0.00587720
0.00586090
0.00581340
0.00588890
0.00582910
0.00584800
0.00580970
0.00584210
0.00580930
0.00582050
0.00592160
0.00583340
0.00587230
0.00585330
0.00593180
0.00584840
0.00606830
0.00613750
0.00583610
0.00585160
0.00581500
0.00593630
0.00584030
0.00587500
0.00582070
0.00580960
0.00580440
0.00583270
0.00581750
0.00579400
0.00590130
0.00590560
0.00587110
0.00588780
0.00582580
0.00586520
0.00581130
0.00593370
0.00583810
0.00591630
0.00640620
0.00640300
0.00613240
0.00716260
0.00600970
0.00632020
0.00605130
0.00636140
0.00592450
0.00586570
0.00594560
0.00594240
0.00590860
0.00629900
0.00646030
0.00607780
0.00601960
0.00603360
0.00589770
0.00586890
0.00591650
0.00596510
0.00590010
0.00639090
0.00686330
0.00586290
0.00609660
0.00599260
0.00584750
0.00593390
0.00597770
0.00579890
0.00580950
0.00580250
0.00579680
0.00582930
0.00592190
0.00621620
0.00588950
0.00590980
0.00586860
0.00589620
0.00597670
0.00657270
0.01087000
0.01098330
0.01090610
0.00895060
0.00597170
0.00594270
0.00596440
0.00590600
0.00591570
0.00589750
0.00596420
0.00588980
0.00600850
0.00585980
0.00586100
0.00602830
0.00591950
0.00599180
0.00587660
0.00586400
0.00587870
0.00586970
0.00601380
0.00618040
0.00591100
0.00594230
0.00592910
0.00596100
0.00591350
0.00587400
0.00583770
0.00587930
0.00584580
0.00590410
0.00593240
0.00600110
0.00595220
0.00590810
0.00590050
0.00600310
0.00631120
0.00588260
0.00597950
0.00591880
0.00606340
0.00587920
0.00604120
0.00587730
0.00582370
0.00588690
0.00590950
0.00724060
0.01099780
0.00628500
0.00598330
0.00899950
0.00589590
0.00592100
0.00590880
0.00584310
0.00584510
0.00591830
0.00587480
0.00588650
0.00582180
0.01012150
0.00725710
0.01030260
0.00759380
0.00637300
0.00622990
0.00580300
0.00581580
0.00581560
0.00578850
0.00582550
0.00578850
0.00583340
0.00580760
0.00583620
0.00576120
0.00578020
0.00601650
0.00614580
0.00604370
0.00580720
0.00601650
0.00585580
0.00584380
0.00582850
0.00580080
0.00585130
0.00581190
0.00588290
0.00578100
0.00601750
0.00586870
0.00582670
0.00581660
0.00592930
0.00612400
0.00581110
0.00581510
0.00580710
0.00584960
0.00584670
0.00581060
0.00591260
0.00582650
0.00580780
0.00580300
0.00580380
0.00591440
0.00617850
0.00586590
0.00582360
0.00590220
0.00582490
0.00568840
0.00556160
0.00554840
0.00600610
0.00568940
0.00577340
0.00562290
0.00569580
0.00564250
0.00554580
0.00596130
0.00572020
0.00608690
0.00582590
0.00562080
0.00623980
0.00591690
0.00606970
0.00584310
0.00589550
0.00585690
0.00585290
0.00586440
0.00584690
0.00601730
0.00628110
0.00588660
0.00584320
0.00587760
0.00584080
0.00560220
0.00564490
0.00559630
0.00585070
0.00566910
0.00646470
0.00619950
0.00593550
0.00576090
0.00559900
0.00608650
0.00578670
0.00650500
0.00584090
0.00590750
0.00586410
0.00583910
0.00599310
0.00583420
0.00593410
0.00585690
0.00597890
0.00588940
0.00586830
0.00590900
0.00587270
0.00589060
0.00585310
0.00591100
0.00587060
0.00598780
0.00602040
0.00587590
0.00589240
0.00585880
0.00588930
0.00586560
0.00590560
0.00586780
0.00584790
0.00588990
0.00599770
0.00617920
0.00587820
0.00596470
0.00593800
0.00594870
0.00588950
0.00588920
0.00587670
0.00587810
0.00601030
0.00589060
0.00592930
0.00583520
0.00589230
0.00587820
0.00586780
0.00586520
0.00586810
0.00591990
0.00587870
0.00589750
0.00585570
0.00591310
0.00585970
0.00583940
0.00655270
0.00587980
0.00600460
0.00587040
0.00601170
0.00609450
0.00623690
0.00585870
0.00588710
0.00584300
0.00589350
0.00587350
0.00587940
0.00586720
0.00584750
0.00600050
0.00595140
0.00587220
0.00586060
0.00571410
0.00574320
0.00565570
0.00568040
0.00558760
0.00558790
0.00566780
0.00564200
0.00567140
0.00565630
0.00561630
0.00561870
0.00563800
0.00569940
0.00561190
0.00588440
0.00586430
0.00560730
0.00568580
0.00560040
0.00613720
0.00563200
0.00566720
0.00557380
0.00555630
0.00569050
0.00556180
0.00572060
0.00556730
0.00560750
0.00587570
0.00567180
0.00619790
0.00595030
0.00567390
0.00573300
0.00560540
0.00581770
0.00558540
0.00605680
0.00585350
0.00585150
0.00589820
0.00583640
0.00583770
0.00610200
0.00606420
0.00600040
