0.00162330
0.00250290
0.00254320
0.00243800
0.00251290
0.00000000
0.00000000
0.00000000
0.00000000
0.00200110
0.00248340
0.00272180
0.00274460
0.00242570
0.00250600
0.00251860
0.00321080
0.00251210
0.00242510
0.00000000
0.00000000
0.00000000
0.00000000
0.00172560
0.00238490
0.00241730
0.00228140
0.00219700
0.00219250
0.00310930
0.00219470
0.00225820
0.00215210
0.00217260
0.00230560
0.00198040
0.00219360
0.00233830
0.00219080
0.00274050
0.00228780
0.00225880
0.00214320
0.00217060
0.00231660
0.00225490
0.00233600
0.00224760
0.00239090
0.00233330
0.00206370
0.00218530
0.00197110
0.00229170
0.00238880
0.00232320
0.00224770
0.00230750
0.00228510
0.00223230
0.00220030
0.00221620
0.00216780
0.00214280
0.00225700
0.00248950
0.00222820
0.00207760
0.00221800
0.00230340
0.00237330
0.00224420
0.00218180
0.00230460
0.00243950
0.00245200
0.00237170
0.00226250
0.00221670
0.00250580
0.00230060
0.00236120
0.00226110
0.00217300
0.00200470
0.00249110
0.00294110
0.00251080
0.00238320
0.00230730
0.00216560
0.00216530
0.00218430
0.00231740
0.00222400
0.00189710
0.00197440
0.00237780
0.00213140
0.00193950
0.00228080
0.00212590
0.00179360
0.00193600
0.00217040
0.00226310
0.00193090
0.00216310
0.00232590
0.00224200
0.00238630
0.00204020
0.00198890
0.00232430
0.00237740
0.00217960
0.00193510
0.00218760
0.00183820
0.00192560
0.00229920
0.00219470
0.00182750
0.00190880
0.00216150
0.00230180
0.00199850
0.00231960
0.00186360
0.00231510
0.00241060
0.00222150
0.00193230
0.00252440
0.00218910
0.00188090
0.00190690
0.00245930
0.00223910
0.00191790
0.00215210
0.00259040
0.00183800
0.00181970
0.00184730
0.00240950
0.00315090
0.00367740
0.03615320
0.00398460
0.00208470
0.00269670
0.00669460
0.00526200
0.00297350
0.00356550
0.00336370
0.00360370
0.00333970
0.00295350
0.00298480
0.00351010
0.00288860
0.00193250
0.00219330
0.00213820
0.00180620
0.00180230
0.00188420
0.00228930
0.00245660
0.00224150
0.00184810
0.00212390
0.00185270
0.00211500
0.00237710
0.00243690
0.00184980
0.00181210
0.00183100
0.00210750
0.00219130
0.00218460
0.00193190
0.00205120
0.00185060
0.00196330
0.00212890
0.00201460
0.00176620
0.00182930
0.00188620
0.00216050
0.00210020
0.00185930
0.00184600
0.00209400
0.00193070
0.00225760
0.00212220
0.00211470
0.00181120
0.00179140
0.00181190
0.00230120
0.00206640
0.00184140
0.00183800
0.00199210
0.00185980
0.00215230
0.00219660
0.00227080
0.00224150
0.00184440
0.00193500
0.00238910
0.00222100
0.00195990
0.00215790
0.00201030
0.00191890
0.00206860
0.00184860
0.00210830
0.00214660
0.00182000
0.00199270
0.00221300
0.00181770
0.00178470
0.00182270
0.00209950
0.00202840
0.00232170
0.00225660
0.00211540
0.00181640
0.00189740
0.00195150
0.00238710
0.00211980
0.00193930
0.00203330
0.00212660
0.00209340
0.00225970
0.00230010
0.00217240
0.00188970
0.00187480
0.00193420
0.00221250
0.00180990
0.00196370
0.00193230
0.00217020
0.00216650
0.00209570
0.00199030
0.00212940
0.00185330
0.00200150
0.00224870
0.00213140
0.00192110
0.00189230
0.00191060
0.00231800
0.00231460
0.00238050
0.00198910
0.00232380
0.00183540
0.00191830
0.00227180
0.00245300
0.00199290
0.00215550
0.00188380
0.00222240
0.00223460
0.00220160
0.00188520
0.00222820
0.00178920
0.00198100
0.00218740
0.00207820
0.00192900
0.00222170
0.00195340
0.00233940
0.00215900
0.00182900
0.00182840
0.00205530
0.00195510
0.00202770
0.00215060
0.00225450
0.00180970
0.00194470
0.00189420
0.00214350
0.00223440
0.00206360
0.00215500
0.00194720
0.00167470
0.00220260
0.00204370
0.00248530
0.00175620
0.00167870
0.00170210
0.00202240
0.00201010
0.00200390
0.00175250
0.00196830
0.00170900
0.00186180
0.00208580
0.00197640
0.00179450
0.00170090
0.00172650
0.00217560
0.00204450
0.00180020
0.00181810
0.00200590
0.00187450
0.00228700
0.00216330
0.00207470
0.00178900
0.00177670
0.00195260
0.00228450
0.00215780
0.00192750
0.00219250
0.00206130
0.00186850
0.00215980
0.00219780
0.00214860
0.00225960
0.00186040
0.00192840
0.00217490
0.00179090
0.00190160
0.00225950
0.00207920
0.00186520
0.00213850
0.00224860
0.00226230
0.00224090
0.00226100
0.00222300
0.00224090
0.00215080
0.00217290
0.00215510
0.00241830
0.00220140
0.00180890
0.00179570
0.00204060
0.00176900
0.00175960
0.00180930
0.00207340
0.00177820
0.00176990
0.00182590
0.00210470
0.00179530
0.00184870
0.00191570
0.00210580
0.00180430
0.00176910
0.00180800
0.00207110
0.00183080
0.00203460
0.00190470
0.00210720
0.00179290
0.00179210
0.00207370
0.00208860
0.00177370
0.00175740
0.00179100
0.00206590
0.00183690
0.00204860
0.00230820
0.00212190
0.00186460
0.00181120
0.00182060
0.00207570
0.00177030
0.00177090
0.00200450
0.00208570
0.00178500
0.00175860
0.00181820
0.00216000
0.00223220
0.00180420
0.00181820
0.00240740
0.00230300
0.00227280
0.00230830
0.00238360
0.00220400
0.00228650
0.00221400
0.00218660
0.00206320
0.00205800
0.00246920
0.00219860
0.00225110
0.00209950
0.00173460
0.00375590
0.00177180
0.00176720
0.00179010
0.00197140
0.00176650
0.00178820
0.00184590
0.00273160
0.00177190
0.00189150
0.00180040
0.00202600
0.00174090
0.00170210
0.00191790
0.00203820
0.00175210
0.00198740
0.00207850
0.00207150
0.00170710
0.00178450
0.00186610
0.00212190
0.00177760
0.00177730
0.00185110
0.00207930
0.00178560
0.00177370
0.00192070
0.00235230
0.00179600
0.00177830
0.00181510
0.00208360
0.00185450
0.00184660
0.00185420
0.00209140
0.00182280
0.00178830
0.00184560
0.00207080
0.00189370
0.00222810
0.00187160
0.00221490
0.00235080
0.00243540
0.00228060
0.00243090
0.00236610
0.00221310
0.00227710
0.00252340
0.00226600
0.00218370
0.00218100
0.00238960
0.00259220
0.00265640
0.00232970
0.00219160
0.00187030
0.00184340
0.00191420
0.00203260
0.00181380
0.00201520
0.00198090
0.00205900
0.00180500
0.00179750
0.00191090
0.00207590
0.00182430
0.00180010
0.00186010
0.00202490
0.00204640
0.00180220
0.00184630
0.00203580
0.00180200
0.00190160
0.00199720
0.00207550
0.00182230
0.00179600
0.00183410
0.00224400
0.00183190
0.00181410
0.00185660
0.00213720
0.00221470
0.00184960
0.00186390
0.00205140
0.00179450
0.00192130
0.00190040
0.00204860
0.00177970
0.00177640
0.00184950
0.00214090
0.00000000
0.00000000
0.00000000
0.00000000
0.00202710
0.00214130
0.00191710
0.00195000
0.00192680
0.00194230
0.00190190
0.00188710
0.00189520
0.00188540
0.00189120
0.00189260
0.00187740
0.00199730
0.00245180
0.00215330
0.00209820
0.00203790
0.00237600
0.00230610
0.00291540
0.00264910
0.00237990
0.00239500
0.00240910
0.00238970
0.00229510
0.00228090
0.00225500
0.00234750
0.00233020
0.00224460
0.00193570
0.00189780
0.00195850
0.00193240
0.00219550
0.00204710
0.00199440
0.00195260
0.00198330
0.00192340
0.00194770
0.00191800
0.00190980
0.00194950
0.00192750
0.00194130
0.00190590
0.00189730
0.00193180
0.00192700
0.00192480
0.00189890
0.00190980
0.00189700
0.00195800
0.00194330
0.00191660
0.00193370
0.00194660
0.00192680
0.00199070
0.00194470
0.00192450
0.00191890
0.00191120
0.00196760
0.00193170
0.00191230
0.00190860
0.00190020
0.00191120
0.00195470
0.00191890
0.00190370
0.00190660
0.00190320
0.00218700
0.00237110
0.00208380
0.00193850
0.00202820
0.00254490
0.00237710
0.00226980
0.00231880
0.00240070
0.00269710
0.00233900
0.00233020
0.00225590
0.00245350
0.00253200
0.00235790
0.00232740
0.00226360
0.00198000
0.00194230
0.00195190
0.00191790
0.00191570
0.00196500
0.00196780
0.00193020
0.00191530
0.00194670
0.00191790
0.00194940
0.00191670
0.00190540
0.00189490
0.00193240
0.00190400
0.00194440
0.00189990
0.00191830
0.00192540
0.00191310
0.00193880
0.00204020
0.00194330
0.00194980
0.00194590
0.00192360
0.00197690
0.00191570
0.00190080
0.00192380
0.00189840
0.00192080
0.00189610
0.00187160
0.00188310
0.00189650
0.00177870
0.00184720
0.00177740
0.00187640
0.00230030
0.00190750
0.00217580
0.00193890
0.00209890
0.00225880
0.00192760
0.00191930
0.00204710
0.00233510
0.00230870
0.00226800
0.00241720
0.00246610
0.00235280
0.00230050
0.00229950
0.00227370
0.00225910
0.00228060
0.00234390
0.00236260
0.00228900
0.00197630
0.00191480
0.00191650
0.00189370
0.00191420
0.00197400
0.00193260
0.00191320
0.00190870
0.00188890
0.00192050
0.00193280
0.00191170
0.00189400
0.00190010
0.00190150
0.00203310
0.00194450
0.00190700
0.00195860
0.00191410
0.00201850
0.00193620
0.00192010
0.00191310
0.00190570
0.00192800
0.00196880
0.00192360
0.00189870
0.00190280
0.00191090
0.00197580
0.00191410
0.00189840
0.00189850
0.00190080
0.00196320
0.00194180
0.00189760
0.00195410
0.00191900
0.00193540
0.00194540
0.00193050
0.00190470
0.00201540
0.00242300
0.00198670
0.00191300
0.00202180
0.00232090
0.00233840
0.00231120
0.00232820
0.00225130
0.00231940
0.00231530
