0.00899750
0.01181560
0.01202690
0.01139100
0.01188980
0.01240370
0.01212560
0.01129030
0.01149950
0.01114990
0.01167550
0.01226460
0.01130390
0.01138470
0.01189650
0.01203880
0.01220610
0.01111530
0.01254120
0.01251160
0.01210210
0.01183170
0.01404700
0.01873190
0.01331030
0.01279480
0.01121340
0.01146640
0.01196940
0.01211430
0.01181030
0.01185910
0.01143660
0.01214240
0.01218640
0.01197860
0.01154460
0.01249850
0.01207270
0.01223870
0.01199760
0.01152950
0.01258040
0.01186130
0.01189980
0.01166640
0.01230440
0.01183870
0.01197950
0.01202450
0.01179310
0.01189290
0.01176930
0.01181600
0.01155890
0.01122970
0.01128970
0.01170310
0.01179340
0.01189820
0.01140940
0.01127720
0.01183580
0.01165740
0.01208160
0.01155710
0.01217020
0.01179320
0.01189780
0.01158500
0.01158700
0.01239150
0.01197570
0.01177170
0.01152610
0.01164750
0.01184150
0.01221000
0.01168050
0.01164000
0.01181400
0.01161690
0.01204630
0.01186520
0.01162860
0.01146260
0.01129120
0.01161210
0.01135200
0.01092410
0.01078450
0.01207140
0.01202800
0.01123890
0.01119200
0.01155410
0.01123550
0.01189860
0.01129380
0.01110010
0.01156390
0.01138530
0.01177480
0.01136940
0.01142310
0.01208280
0.01131500
0.01181550
0.01134350
0.01118880
0.01147220
0.01199740
0.01193560
0.01175590
0.01154810
0.01195910
0.01165890
0.01191660
0.01166240
0.01117720
0.01138120
0.01132040
0.01145690
0.01140240
0.01124190
0.01150490
0.01129850
0.01155960
0.01142490
0.01252790
0.01194320
0.01122150
0.01129110
0.01121830
0.01212610
0.01186960
0.01153870
0.01140290
0.01133830
0.01154820
0.01171620
0.01156780
0.01151130
0.01142940
0.01086080
0.01144110
0.01131390
0.01115420
0.01094530
0.01136300
0.01131170
0.01135360
0.01104110
0.01102250
0.01156770
0.01157800
0.01116030
0.01103300
0.01200390
0.01110710
0.01145750
0.01120430
0.01114060
0.01191890
0.01130350
0.01164250
0.01132360
0.01117090
0.01161400
0.01127900
0.01155740
0.01134170
0.01103780
0.01152710
0.01128970
0.01230460
0.01131720
0.01112580
0.01140020
0.01163930
0.01167180
0.01125230
0.01155030
0.01160810
0.01160030
0.01153870
0.01108650
0.01137780
0.01142320
0.01208580
0.01623710
0.01167270
0.01231740
0.01160990
0.01109520
0.01144220
0.01102800
0.01199090
0.01147190
0.01130710
0.01101850
0.01102560
0.01138160
0.01320560
0.01203830
0.01204000
0.01282850
0.01294200
0.01325280
0.01179540
0.01173630
0.01210930
0.01147110
0.01191640
0.01140140
0.01126230
0.01154920
0.01175160
0.01181140
0.01188480
0.01148430
0.01140280
0.01144590
0.01216520
0.01138340
0.01137340
0.01214920
0.01120380
0.01144070
0.01108180
0.01109700
0.01169510
0.01138300
0.01149590
0.01128230
0.01110700
0.01151920
0.01153270
0.01126640
0.01127600
0.01107520
0.01169010
0.01170970
0.01114820
0.01168170
0.01216550
0.01194310
0.01147340
0.01154450
0.01135770
0.01129130
0.01210350
0.01171620
0.01194740
0.01153770
0.01151240
0.01195980
0.01191620
0.01158610
0.01152230
0.01216410
0.01164710
0.01118100
0.01145890
0.01111440
0.01100930
0.01176170
0.01179640
0.01149350
0.01158650
0.01101870
0.01172260
0.01124170
0.01128500
0.01150320
0.01146450
0.01191500
0.01162650
0.01150050
0.01147150
0.01160970
0.01169480
0.01120710
0.01122530
0.01139170
0.01190820
0.01128510
0.01189490
0.01127510
0.01128140
0.01162760
0.01211490
0.01127540
0.01125770
0.01222420
0.01169960
0.01164160
0.01189640
0.01112450
0.01137380
0.00000000
0.00000000
0.00000000
0.00000000
0.00362760
0.00486310
0.00436820
0.00436480
0.00443070
0.00458520
0.00429400
0.00419700
0.00419130
0.00443600
0.00462040
0.00423720
0.00441970
0.00424400
0.00434600
0.00461900
0.00430680
0.00419550
0.00423760
0.00431510
0.00454810
0.00425720
0.00418320
0.00428970
0.00439750
0.00465390
0.00455380
0.00438450
0.00464890
0.00445980
0.00471680
0.00426510
0.00442030
0.00457930
0.00436330
0.00494950
0.00435840
0.00474430
0.00460240
0.00425570
0.00431190
0.00420800
0.00438610
0.00481860
0.00424150
0.00438100
0.00485290
0.00449150
0.00443380
0.00441720
0.00439270
0.00441880
0.00438790
0.00437290
0.00441490
0.00438630
0.00438170
0.00442060
0.00443250
0.00457520
0.00492630
0.00445300
0.00453150
0.00484120
0.00443600
0.00458450
0.00489230
0.00442870
0.00459670
0.00492470
0.00441990
0.00441700
0.00439500
0.00441210
0.00437990
0.00437010
0.00442180
0.00436970
0.00438750
0.00457090
0.00482480
0.00455320
0.00456280
0.00458170
0.00443420
0.00441460
0.00465660
0.00445690
0.00434900
0.00467920
0.00443950
0.00441760
0.00433510
0.00435810
0.00428230
0.00430790
0.00420290
0.00419640
0.00443400
0.00454130
0.00480360
0.00447690
0.00453970
0.00491160
0.00443790
0.00443270
0.00442460
0.00438770
0.00452170
0.00487240
0.00443140
0.00441500
0.00439980
0.00439060
0.00444090
0.00437200
0.00420790
0.00429380
0.00421650
0.00432030
0.00517660
0.00451360
0.00443490
0.00472300
0.00423880
0.00443490
0.00428270
0.00426770
0.00443110
0.00466670
0.00423660
0.00434810
0.00418760
0.00429150
0.00444760
0.00436890
0.00437280
0.00450290
0.00439740
0.00457470
0.00495210
0.00448720
0.00467440
0.00564140
0.00504360
0.00467130
0.00480600
0.00488950
0.00491720
0.00571360
0.00456020
0.00457250
0.00488540
0.00445490
0.00441830
0.00454900
0.00457500
0.00446670
0.00483340
0.00469740
0.00493730
0.00446380
0.00475200
0.00502880
0.00447170
0.00452530
0.00448720
0.00581430
0.00486480
0.00492560
0.00464420
0.00475920
0.00463670
0.00457450
0.00449260
0.00446980
0.00458680
0.00447000
0.00464870
0.00474270
0.00487650
0.00444480
0.00458890
0.00489220
0.00493880
0.00589980
0.00440240
0.00449610
0.00460740
0.00491680
0.00448140
0.00453150
0.00494750
0.00758510
0.00748840
0.00605900
