0.00184210
0.00403390
0.00254300
0.00290400
0.00272190
0.00246210
0.00000000
0.00000000
0.00000000
0.00000000
0.00196870
0.00310540
0.00000000
0.00000000
0.00000000
0.00000000
0.00198140
0.00238980
0.00274490
0.00251380
0.00252040
0.00275460
0.00283690
0.00258900
0.00273000
0.00000000
0.00000000
0.00000000
0.00000000
0.00164660
0.00263260
0.00305780
0.00265690
0.00304850
0.00308130
0.00302960
0.00274390
0.00306220
0.00271200
0.00305450
0.00308040
0.00000000
0.00000000
0.00000000
0.00000000
0.00188590
0.00281130
0.00303180
0.00277170
0.00306730
0.00304230
0.00308790
0.00272380
0.00303050
0.00275620
0.00308940
0.00304150
0.00305250
0.00269520
0.00307760
0.00265090
0.00362200
0.00310670
0.00307610
0.00268740
0.00306500
0.00261250
0.00314910
0.00301420
0.00311320
0.00268470
0.00306210
0.00265460
0.00309460
0.00305440
0.00303860
0.00275090
0.00308900
0.00255140
0.00286850
0.00251310
0.00305410
0.00263870
0.00296050
0.00248560
0.00295660
0.00304600
0.00300660
0.00263190
0.00277460
0.00254760
0.00303300
0.00000000
0.00000000
0.00000000
0.00000000
0.00190050
0.00247130
0.00274070
0.00280700
0.00244960
0.00217710
0.00240110
0.00000000
0.00000000
0.00000000
0.00000000
0.00190670
0.00233540
0.00236750
0.00269330
0.00256450
0.00240600
0.00226870
0.00231970
0.00270380
0.00255350
0.00000000
0.00000000
0.00000000
0.00000000
0.00168660
0.00316090
0.00252800
0.00251320
0.00280220
0.00255980
0.00000000
0.00000000
0.00000000
0.00000000
0.00196880
0.00271280
0.00292910
0.00302840
0.00307210
0.00256330
0.00278520
0.00258580
0.00305080
0.00264190
0.00294460
0.00246380
0.00301490
0.00301990
0.00308640
0.00257680
0.00277230
0.00246150
0.00270170
0.00000000
0.00000000
0.00000000
0.00000000
0.00188590
0.00226120
0.00231690
0.00248270
0.00216960
0.00214690
0.00000000
0.00000000
0.00000000
0.00000000
0.00185170
0.00221150
0.00231520
0.00238300
0.00215700
0.00220900
0.00253960
0.00230530
0.00245340
0.00234740
0.00241350
0.00235720
0.00234280
0.00227400
0.00217070
0.00260410
0.00235780
0.00247310
0.00232440
0.00240210
0.00000000
0.00000000
0.00000000
0.00000000
0.00152910
0.00264970
0.00239830
0.00248390
0.00232160
0.00249920
0.00233470
0.00239480
0.00220400
0.00216530
0.00265160
0.00233410
0.00243190
0.00236780
0.00237790
0.00232380
0.00237870
0.00216540
0.00218410
0.00265200
0.00240740
0.00245180
0.00230200
0.00254820
0.00247140
0.00244950
0.00226610
0.00221390
0.00277160
0.00232520
0.00240550
0.00232580
0.00239990
0.00240760
0.00236310
0.00213320
0.00218120
0.00264360
0.00237680
0.00244950
0.00227620
0.00253060
0.00228860
0.00246930
0.00219110
0.00217070
0.00279750
0.00000000
0.00000000
0.00000000
0.00000000
0.00170590
0.00275710
0.00386460
0.00227380
0.00298010
0.00000000
0.00000000
0.00000000
0.00000000
0.00199270
0.00238670
0.00245170
0.00285980
0.00230990
0.00326310
0.00279000
0.00253950
0.00263870
0.00247890
0.00285000
0.00240550
0.00246320
0.00239500
0.00288670
0.00326200
0.00243140
0.00249950
0.00248790
0.00283350
0.00246740
0.00279620
0.00227430
0.00215120
0.00261670
0.00000000
0.00000000
0.00000000
0.00000000
0.00152770
0.00241710
0.00233370
0.00220470
0.00220770
0.00253450
0.00245580
0.00000000
0.00000000
0.00000000
0.00000000
0.00165800
0.00223330
0.00221540
0.00213700
0.00259520
0.00229890
0.00247890
0.00231090
0.00242090
0.00240860
0.00231710
0.00216540
0.00214160
0.00255560
0.00236950
0.00237990
0.00000000
0.00000000
0.00000000
0.00000000
0.00152110
0.00218870
0.00227200
0.00270480
0.00236510
0.00244940
0.00237170
0.00241590
0.00235760
0.00235060
0.00216600
0.00220660
0.00251560
0.00229430
0.00236270
0.00231730
0.00236850
0.00230620
0.00238830
0.00220510
0.00235180
0.00272870
0.00234420
0.00264760
0.00238800
0.00248880
0.00236600
0.00242060
0.00225000
0.00216080
0.00259620
0.00224900
0.00246110
0.00243870
0.00244850
0.00248100
0.00232970
0.00000000
0.00000000
0.00000000
0.00000000
0.00168110
