1
349.00,153.00,25.00,60.00
348.00,149.00,25.00,60.00
351.00,140.00,25.00,60.00
349.00,139.00,25.00,60.00
2
0
0
0
0
1
2
0
0
0
0
1
321.00,159.00,25.00,60.00
335.00,130.00,25.00,60.00
333.00,130.00,25.00,60.00
329.00,130.00,25.00,60.00
325.00,128.00,25.00,60.00
319.00,125.00,25.00,60.00
312.00,122.00,25.00,60.00
2
0
0
0
0
1
327.00,159.00,25.00,60.00
325.00,161.00,25.00,60.00
323.00,165.00,25.00,60.00
321.00,160.00,25.00,60.00
321.00,159.00,25.00,60.00
321.00,159.00,25.00,60.00
322.00,163.00,25.00,60.00
319.00,165.00,25.00,60.00
318.00,166.00,25.00,60.00
312.00,161.00,25.00,60.00
2
0
0
0
0
1
332.00,137.00,25.00,60.00
331.00,138.00,25.00,60.00
331.00,139.00,25.00,60.00
334.00,140.00,25.00,60.00
336.00,140.00,25.00,60.00
344.00,114.00,25.00,60.00
343.00,132.00,25.00,60.00
341.00,147.00,25.00,60.00
344.00,149.00,25.00,60.00
342.00,149.00,25.00,60.00
343.00,150.00,25.00,60.00
343.00,151.00,25.00,60.00
341.00,152.00,25.00,60.00
341.00,152.00,25.00,60.00
335.00,170.00,25.00,60.00
324.00,182.00,25.00,60.00
322.00,186.00,25.00,60.00
323.00,155.00,25.00,60.00
317.00,171.00,25.00,60.00
323.00,177.00,25.00,60.00
321.00,180.00,25.00,60.00
320.00,185.00,25.00,60.00
320.00,190.00,25.00,60.00
318.00,164.00,25.00,60.00
321.00,173.00,25.00,60.00
327.00,184.00,25.00,60.00
327.00,185.00,25.00,60.00
328.00,188.00,25.00,60.00
328.00,167.00,25.00,60.00
333.00,174.00,25.00,60.00
335.00,176.00,25.00,60.00
333.00,149.00,25.00,60.00
328.00,152.00,25.00,60.00
327.00,152.00,25.00,60.00
326.00,151.00,25.00,60.00
315.00,152.00,25.00,60.00
312.00,153.00,25.00,60.00
309.00,156.00,25.00,60.00
310.00,157.00,25.00,60.00
308.00,174.00,25.00,60.00
318.00,179.00,25.00,60.00
316.00,183.00,25.00,60.00
316.00,186.00,25.00,60.00
322.00,193.00,25.00,60.00
317.00,193.00,25.00,60.00
2
0
0
0
0
1
330.00,143.00,25.00,60.00
333.00,141.00,25.00,60.00
334.00,140.00,25.00,60.00
335.00,139.00,25.00,60.00
349.00,140.00,25.00,60.00
2
0
0
0
0
1
337.00,141.00,25.00,60.00
339.00,141.00,25.00,60.00
341.00,141.00,25.00,60.00
345.00,125.00,25.00,60.00
337.00,130.00,25.00,60.00
340.00,130.00,25.00,60.00
343.00,129.00,25.00,60.00
336.00,127.00,25.00,60.00
2
0
0
0
0
1
361.00,154.00,25.00,60.00
360.00,152.00,25.00,60.00
359.00,152.00,25.00,60.00
350.00,151.00,25.00,60.00
2
0
0
0
0
1
385.00,163.00,25.00,60.00
369.00,161.00,25.00,60.00
368.00,159.00,25.00,60.00
371.00,158.00,25.00,60.00
381.00,148.00,25.00,60.00
382.00,148.00,25.00,60.00
381.00,150.00,25.00,60.00
382.00,150.00,25.00,60.00
383.00,150.00,25.00,60.00
384.00,151.00,25.00,60.00
392.00,146.00,25.00,60.00
394.00,146.00,25.00,60.00
395.00,141.00,25.00,60.00
397.00,133.00,25.00,60.00
396.00,130.00,25.00,60.00
395.00,132.00,25.00,60.00
394.00,129.00,25.00,60.00
2
0
0
0
0
1
408.00,159.00,25.00,60.00
406.00,155.00,25.00,60.00
404.00,155.00,25.00,60.00
417.00,142.00,25.00,60.00
2
0
0
0
0
1
409.00,152.00,25.00,60.00
417.00,131.00,25.00,60.00
417.00,132.00,25.00,60.00
432.00,132.00,25.00,60.00
438.00,131.00,25.00,60.00
440.00,131.00,25.00,60.00
440.00,131.00,25.00,60.00
443.00,131.00,25.00,60.00
442.00,129.00,25.00,60.00
443.00,128.00,25.00,60.00
442.00,129.00,25.00,60.00
454.00,125.00,25.00,60.00
460.00,122.00,25.00,60.00
454.00,125.00,25.00,60.00
458.00,122.00,25.00,60.00
457.00,123.00,25.00,60.00
457.00,123.00,25.00,60.00
447.00,123.00,25.00,60.00
2
0
0
0
0
1
473.00,170.00,25.00,60.00
468.00,164.00,25.00,60.00
461.00,170.00,25.00,60.00
459.00,170.00,25.00,60.00
458.00,170.00,25.00,60.00
455.00,168.00,25.00,60.00
451.00,169.00,25.00,60.00
452.00,167.00,25.00,60.00
453.00,166.00,25.00,60.00
453.00,162.00,25.00,60.00
456.00,171.00,25.00,60.00
453.00,168.00,25.00,60.00
453.00,164.00,25.00,60.00
452.00,164.00,25.00,60.00
449.00,164.00,25.00,60.00
451.00,164.00,25.00,60.00
451.00,162.00,25.00,60.00
449.00,161.00,25.00,60.00
448.00,160.00,25.00,60.00
449.00,159.00,25.00,60.00
450.00,155.00,25.00,60.00
451.00,159.00,25.00,60.00
449.00,160.00,25.00,60.00
446.00,157.00,25.00,60.00
444.00,159.00,25.00,60.00
442.00,160.00,25.00,60.00
442.00,157.00,25.00,60.00
444.00,155.00,25.00,60.00
444.00,153.00,25.00,60.00
443.00,154.00,25.00,60.00
443.00,156.00,25.00,60.00
442.00,156.00,25.00,60.00
440.00,157.00,25.00,60.00
439.00,155.00,25.00,60.00
440.00,153.00,25.00,60.00
442.00,154.00,25.00,60.00
447.00,155.00,25.00,60.00
447.00,153.00,25.00,60.00
448.00,150.00,25.00,60.00
451.00,146.00,25.00,60.00
453.00,145.00,25.00,60.00
457.00,140.00,25.00,60.00
460.00,139.00,25.00,60.00
463.00,136.00,25.00,60.00
463.00,124.00,25.00,60.00
2
0
0
0
0
1
493.00,113.00,25.00,60.00
495.00,101.00,25.00,60.00
500.00,98.00,25.00,60.00
2
0
0
0
0
1
534.00,113.00,25.00,60.00
534.00,110.00,25.00,60.00
534.00,109.00,25.00,60.00
532.00,108.00,25.00,60.00
529.00,105.00,25.00,60.00
527.00,105.00,25.00,60.00
524.00,104.00,25.00,60.00
520.00,103.00,25.00,60.00
515.00,101.00,25.00,60.00
505.00,94.00,25.00,60.00
501.00,94.00,25.00,60.00
498.00,93.00,25.00,60.00
494.00,97.00,25.00,60.00
492.00,94.00,25.00,60.00
491.00,91.00,25.00,60.00
488.00,91.00,25.00,60.00
488.00,86.00,25.00,60.00
485.00,82.00,25.00,60.00
480.00,81.00,25.00,60.00
480.00,78.00,25.00,60.00
478.00,74.00,25.00,60.00
475.00,67.00,25.00,60.00
470.00,62.00,25.00,60.00
2
0
0
0
0
1
479.00,90.00,25.00,60.00
475.00,96.00,25.00,60.00
473.00,97.00,25.00,60.00
470.00,95.00,25.00,60.00
467.00,92.00,25.00,60.00
2
0
0
0
0
1
492.00,96.00,25.00,60.00
493.00,96.00,25.00,60.00
494.00,95.00,25.00,60.00
493.00,96.00,25.00,60.00
499.00,80.00,25.00,60.00
499.00,79.00,25.00,60.00
498.00,78.00,25.00,60.00
499.00,80.00,25.00,60.00
496.00,81.00,25.00,60.00
477.00,62.00,25.00,60.00
471.00,59.00,25.00,60.00
464.00,49.00,25.00,60.00
458.00,51.00,25.00,60.00
457.00,40.00,25.00,60.00
2
0
0
0
0
1
441.00,86.00,25.00,60.00
439.00,87.00,25.00,60.00
436.00,89.00,25.00,60.00
436.00,91.00,25.00,60.00
435.00,90.00,25.00,60.00
434.00,90.00,25.00,60.00
430.00,91.00,25.00,60.00
428.00,90.00,25.00,60.00
429.00,77.00,25.00,60.00
428.00,78.00,25.00,60.00
427.00,79.00,25.00,60.00
427.00,77.00,25.00,60.00
427.00,76.00,25.00,60.00
426.00,78.00,25.00,60.00
426.00,80.00,25.00,60.00
425.00,82.00,25.00,60.00
426.00,88.00,25.00,60.00
424.00,89.00,25.00,60.00
424.00,87.00,25.00,60.00
440.00,83.00,25.00,60.00
438.00,87.00,25.00,60.00
437.00,90.00,25.00,60.00
431.00,94.00,25.00,60.00
429.00,97.00,25.00,60.00
429.00,99.00,25.00,60.00
427.00,103.00,25.00,60.00
425.00,104.00,25.00,60.00
423.00,103.00,25.00,60.00
420.00,103.00,25.00,60.00
414.00,101.00,25.00,60.00
412.00,102.00,25.00,60.00
411.00,104.00,25.00,60.00
411.00,106.00,25.00,60.00
411.00,108.00,25.00,60.00
411.00,110.00,25.00,60.00
2
0
0
0
0
1
