0.00137130
0.00175450
0.00228830
0.00184150
0.00139660
0.00134370
0.00141340
0.00130160
0.00129510
0.00137720
0.00140750
0.00139570
0.00140490
0.00129590
0.00127320
0.00148840
0.00178530
0.00130580
0.00156980
0.00197200
0.00185930
0.00187130
0.00176340
0.00238780
0.00191840
0.00184130
0.00196010
0.00191630
0.00186380
0.00187980
0.00194630
0.00210610
0.00216100
0.00205970
0.00194670
0.00143930
0.00138450
0.00144820
0.00136660
0.00135410
0.00133470
0.00133990
0.00131480
0.00134250
0.00131670
0.00128270
0.00127230
0.00128000
0.00140480
0.00132170
0.00130700
0.00133410
0.00132020
0.00132290
0.00132120
0.00137550
0.00139450
0.00135390
0.00131960
0.00132520
0.00135380
0.00138560
0.00000000
0.00000000
0.00000000
0.00000000
0.00261240
0.00305300
0.00294240
0.00278780
0.00327840
0.00340610
0.00276490
0.00326180
0.00288300
0.00270630
0.00267880
0.00268430
0.00278070
0.00269320
0.00279890
0.00319200
0.00291180
0.00301510
0.00283350
0.00295330
0.00273150
0.00267000
0.00267420
0.00266080
0.00000000
0.00000000
0.00000000
0.00000000
0.00084620
0.00057510
0.00047860
0.00051110
0.00049810
0.00047860
0.00047310
0.00048000
0.00050540
0.00047760
0.00047910
0.00049190
0.00047940
0.00047990
0.00048440
0.00050650
0.00048350
0.00047920
0.00048150
0.00047930
0.00049820
0.00048530
0.00048580
0.00047910
0.00049000
0.00047000
0.00047950
0.00048250
0.00047450
0.00047100
0.00048380
0.00047610
0.00048600
0.00047600
0.00048300
0.00047830
0.00048670
0.00049910
0.00048860
0.00048000
0.00048900
0.00047960
0.00047730
0.00054170
0.00049180
0.00048300
0.00047910
0.00048560
0.00048010
0.00049640
0.00049300
0.00048130
0.00047910
0.00048810
0.00048690
0.00047970
0.00047790
0.00048170
0.00047750
0.00047130
0.00047230
0.00047200
0.00047060
0.00048170
0.00048630
0.00047660
0.00048470
0.00047770
0.00047980
0.00047700
0.00048140
0.00047790
0.00048070
0.00047840
0.00047520
0.00048450
0.00048220
0.00047190
0.00047350
0.00048350
0.00047780
0.00049760
0.00047830
0.00049660
0.00047770
0.00047650
0.00047960
0.00047850
0.00047760
0.00048830
0.00049490
0.00050150
0.00048270
0.00047010
0.00049140
0.00049830
0.00048190
0.00048000
0.00048720
0.00048090
0.00047190
0.00048300
0.00050200
0.00047750
0.00049010
0.00047050
0.00048230
0.00047390
0.00048410
0.00047680
0.00048050
0.00047120
0.00048620
0.00047930
0.00048040
0.00048470
0.00047390
0.00047940
0.00047980
0.00047200
0.00048530
0.00049680
0.00048760
0.00048390
0.00047490
0.00047890
0.00048300
0.00048320
0.00048650
0.00047190
0.00048260
0.00047320
0.00047890
0.00049850
0.00050010
0.00048280
0.00049020
