0.00002120
0.01166460
0.00036630
0.00033210
0.00038820
0.00037040
0.00034750
0.00033340
0.00032830
0.00033520
0.00033190
0.00032610
0.00033230
0.00033070
0.00033250
0.00034150
0.00034360
0.00033710
0.00033080
0.00033190
0.00033050
0.00032920
0.00032940
0.00033120
0.00032510
0.00032720
0.00034320
0.00033940
0.00033470
0.00032630
0.00034060
0.00032780
0.00034040
0.00032570
0.00032540
0.00032500
0.00033070
0.00033170
0.00032550
0.00033040
0.00032480
0.00034120
0.00033820
0.00033040
0.00000000
0.00000000
0.00000000
0.00000000
0.00006400
0.00072960
0.00066330
0.00057270
0.00063230
0.00055920
0.00063220
0.00054730
0.00061010
0.00053830
0.00060520
0.00053610
0.00060990
0.00053600
0.00060810
0.00054090
0.00060990
0.00053890
0.00061430
0.00065530
0.00062540
0.00054630
0.00063710
0.00055600
0.00062050
0.00053640
0.00060650
0.00053710
0.00061150
0.00053600
0.00062110
0.00055330
0.00063920
0.00056840
0.00061520
0.00054550
0.00063620
0.00055720
0.00063100
0.00054600
0.00062150
0.00053370
0.00062850
0.00054380
0.00073120
0.00055240
0.00062500
0.00054280
0.00062180
0.00054510
0.00062280
0.00054440
0.00061430
0.00054370
0.00062310
0.00053890
0.00061860
0.00054210
0.00063180
0.00055080
0.00063250
0.00055230
0.00062930
0.00054750
0.00064140
0.00055090
0.00062660
0.00054490
0.00060010
0.00062830
0.00063190
0.00054360
0.00060520
0.00053140
0.00060280
0.00052610
0.00059290
0.00051630
0.00061060
0.00052390
0.00059590
0.00051620
0.00060510
0.00052930
0.00061160
0.00052620
0.00062360
0.00052170
0.00059810
0.00053520
0.00060130
0.00052270
0.00060220
0.00052750
0.00060600
0.00053900
0.00070830
0.00055790
0.00069730
0.00054690
0.00060280
0.00052170
0.00060150
0.00052540
0.00063380
0.00053300
0.00060340
0.00052580
0.00063910
0.00054200
0.00062330
0.00054420
0.00062220
0.00055040
0.00071380
0.00054810
0.00000000
0.00000000
0.00000000
0.00000000
0.00004510
0.00098150
0.00067820
0.00060900
0.00066420
0.00059670
0.00068090
0.00061450
0.00067010
0.00060160
0.00065650
0.00059560
0.00066340
0.00059000
0.00067890
0.00059750
0.00065660
0.00059580
0.00065350
0.00059770
0.00065280
0.00059200
0.00065320
0.00060630
0.00067690
0.00059830
0.00065370
0.00059330
0.00065390
0.00059320
0.00065870
0.00059530
0.00066110
0.00059800
0.00065960
0.00060120
0.00066140
0.00059190
0.00065100
0.00059730
0.00064880
0.00059130
0.00062230
0.00056280
0.00062490
0.00057140
0.00069150
0.00057120
0.00063780
0.00057940
0.00063440
0.00000000
0.00000000
0.00000000
0.00000000
0.00000920
0.00021220
0.00020240
0.00019700
0.00019670
0.00020300
0.00020810
0.00020240
0.00020260
0.00020210
0.00020190
0.00022600
0.00019800
0.00020240
0.00020280
0.00020670
0.00029060
0.00020380
0.00025540
0.00021340
0.00024330
0.00022150
0.00024690
0.00020700
0.00020330
0.00020350
0.00020240
0.00028810
0.00019670
0.00020210
0.00024140
0.00022010
0.00025190
0.00019660
0.00020100
0.00020250
0.00020070
0.00020370
0.00020290
0.00020410
0.00020910
0.00019680
0.00020150
0.00020270
0.00020160
0.00019600
0.00020260
0.00020290
