0.00008300
0.00656260
0.00667350
0.00634480
0.00579170
0.00548580
0.00601100
0.00766510
0.00768310
0.00787230
0.00764110
0.00794440
0.00797730
0.00775980
0.00773490
0.00783580
0.00779760
0.00785570
0.00795330
0.00784840
0.00791430
0.00789660
0.00821030
0.00823140
0.00780970
0.00791320
0.00776690
0.00814740
0.00787790
0.00901610
0.00787210
0.00781690
0.00806620
0.00797080
0.00772770
0.00794430
0.00781250
0.00870810
0.00790720
0.00792490
0.00785040
0.00783860
0.00812920
0.00792730
0.00801420
0.00788010
0.00792260
0.00783740
0.00846100
0.00841630
0.00787400
0.00808150
0.00806070
0.00793000
0.00826540
0.00811680
0.00816070
0.00803410
0.00826460
0.00804320
0.00819520
0.00847200
0.00834860
0.00816760
0.00814980
0.00804790
0.00839230
0.00823540
0.00827500
0.00834460
0.00825460
0.00859100
0.00819710
0.00854370
0.00832770
0.00840040
0.00824370
0.00809300
0.00847890
0.00889680
0.00850740
0.00840850
0.00956330
0.00835840
0.00825010
0.00875660
0.00841590
0.00835410
0.00891200
0.00846590
0.00816310
0.00960120
0.00875420
0.00822520
0.00837260
0.00832440
0.00832160
0.00858550
0.00861860
0.00840110
0.00836020
0.00839940
0.00838150
0.00843790
0.00853000
0.00827980
0.00884260
0.00835010
0.00823240
0.00889380
0.00835970
0.00842150
0.00829210
0.00901910
0.00840380
0.00838910
0.00857170
0.00843060
0.00870440
0.00871130
0.00873650
0.00894240
0.00875060
0.00873850
0.00862170
0.00882420
0.00969020
0.00851030
0.00854460
0.00833640
0.00845500
0.00875480
0.00864380
0.00847040
0.00825400
0.00860340
0.00883010
0.01028710
0.01050070
0.00942930
0.00934160
0.00949920
0.00886720
0.01002200
0.00901210
0.00883560
0.00897130
0.00895530
0.00915420
0.00897980
0.00893670
0.00896850
0.00989790
0.00893070
0.00904840
0.00922530
0.00880070
0.00000000
0.00000000
0.00000000
0.00000000
0.00013050
0.00521220
0.00518140
0.00510180
0.00532960
0.00532150
0.00527130
0.00561620
0.00627060
0.00523860
0.00589770
0.00553520
0.00609850
0.00560600
0.00583430
0.00538940
0.00561170
0.00540050
0.00535000
0.00502980
0.00532890
0.00528390
0.00515060
0.00503350
0.00536150
0.00526050
0.00514690
0.00521140
0.00534170
0.00529070
0.00525870
0.00508300
0.00526300
0.00517320
0.00536480
0.00520510
0.00522210
0.00566350
0.00534030
0.00514020
0.00522480
0.00526320
0.00542480
0.00504970
0.00543000
0.00535720
0.00529940
0.00510410
0.00534900
0.00525350
0.00524210
0.00511570
0.00534930
0.00519180
0.00539210
0.00519290
0.00524370
0.00516810
0.00536490
0.00520150
0.00000000
0.00000000
0.00000000
0.00000000
0.00007150
0.00242910
0.00249390
0.00237320
0.00222700
0.00223080
0.00231900
0.00243420
0.00240870
0.00233900
0.00245070
0.00245040
0.00233480
0.00233400
0.00248070
0.00234270
0.00241110
0.00238200
0.00230650
0.00287140
0.00276140
0.00260040
0.00245900
0.00260380
0.00243560
0.00260820
0.00275660
0.00234380
0.00273470
0.00435680
0.00426130
0.00426860
0.00234720
0.00223960
0.00232240
0.00227860
0.00222740
0.00246000
0.00226780
0.00225480
0.00261910
0.00228040
0.00226210
0.00245120
0.00225860
0.00223030
0.00249010
0.00222660
0.00222850
0.00228330
0.00232520
0.00229160
0.00236250
0.00224580
0.00233670
0.00229590
0.00225820
0.00228110
0.00000000
0.00000000
0.00000000
0.00000000
0.00006320
0.00155170
0.00138230
0.00159260
0.00123730
0.00127460
0.00128800
0.00123080
0.00163950
0.00125280
0.00120070
0.00118650
0.00121140
0.00117360
0.00117900
0.00118010
0.00160910
0.00128950
0.00118760
0.00126860
0.00133500
0.00133200
0.00169000
0.00123430
0.00159830
0.00123510
0.00120080
0.00123030
0.00136980
0.00119280
0.00168820
0.00126810
0.00127180
0.00131160
0.00129450
0.00154820
0.00118160
0.00115960
0.00154480
0.00127070
0.00111830
0.00111630
0.00111680
0.00158100
0.00123630
0.00118930
0.00163030
0.00121230
0.00121780
0.00126060
0.00124730
0.00156160
0.00117810
0.00116750
0.00114760
0.00111140
0.00112500
0.00115410
0.00112770
0.00156170
0.00117870
0.00117040
0.00120780
0.00131900
