0.00008990
0.00059100
0.00038980
0.00038830
0.00068670
0.00064520
0.00051140
0.00041360
0.00037900
0.00037290
0.00039930
0.00069630
0.00059200
0.00044610
0.00043590
0.00045580
0.00045930
0.00044330
0.00043980
0.00044420
0.00044580
0.00044070
0.00045810
0.00046300
0.00046290
0.00046140
0.00052650
0.00057940
0.00045420
0.00046610
0.00046250
0.00048420
0.00047310
0.00046650
0.00046880
0.00045880
0.00047060
0.00047010
0.00048920
0.00052860
0.00047030
0.00046570
0.00047010
0.00053920
0.00056580
0.00061220
0.00054060
0.00048810
0.00047180
0.00046280
0.00046410
0.00046650
0.00045890
0.00047580
0.00060190
0.00051180
0.00050460
0.00047120
0.00046580
0.00047040
0.00054390
0.00058410
0.00056140
0.00048870
0.00047550
0.00049390
0.00048200
0.00048150
0.00047350
0.00048830
0.00047270
0.00047660
0.00047470
0.00049340
0.00048770
0.00047860
0.00047200
0.00074640
0.00061780
0.00051030
0.00048060
0.00049120
0.00048130
0.00050810
0.00050240
0.00050540
0.00047970
0.00048630
0.00050050
0.00048390
0.00048230
0.00048510
0.00048900
0.00050730
0.00054150
0.00059340
0.00047180
0.00046820
0.00046110
0.00046790
0.00046780
0.00046570
0.00048190
0.00091850
0.00088470
0.00088160
0.00046720
0.00046290
0.00046290
0.00046860
0.00045810
0.00053840
0.00058920
0.00049560
0.00048000
0.00047210
0.00046470
0.00046140
0.00046770
0.00046190
0.00052980
0.00049640
0.00047100
0.00046450
0.00046820
0.00047290
0.00046000
0.00046510
0.00053040
0.00058590
0.00048100
0.00046410
0.00046560
0.00047370
0.00046100
0.00046650
0.00047620
0.00047450
0.00046700
0.00045960
0.00047950
0.00048550
0.00047140
0.00046590
0.00045980
0.00053750
0.00056700
0.00050140
0.00047710
0.00046860
0.00085920
0.00082540
0.00082420
0.00095290
0.00097440
0.00085010
0.00051190
0.00050440
0.00048540
0.00047070
0.00048520
0.00048300
0.00047850
0.00047640
0.00047500
0.00050530
0.00046470
0.00047010
0.00047880
0.00046890
0.00053960
0.00058690
0.00046990
0.00046080
0.00046510
0.00063420
0.00057970
0.00048340
0.00046580
0.00049190
0.00047150
0.00047140
0.00045700
0.00046450
0.00046850
0.00046350
0.00046400
0.00046310
0.00046380
0.00047180
0.00047250
0.00048410
0.00054190
0.00058800
0.00051440
0.00048680
0.00049020
0.00048640
0.00047170
0.00046500
0.00046670
0.00046840
0.00046190
0.00047580
0.00049250
0.00047050
0.00046690
0.00045940
0.00047060
0.00053380
0.00056700
0.00047980
0.00046870
0.00046410
0.00053850
0.00048530
0.00046420
0.00047220
0.00046190
0.00047110
0.00048230
0.00048820
0.00000000
0.00000000
0.00000000
0.00000000
0.00009060
0.00061830
0.00050310
0.00047520
0.00048980
0.00048010
0.00047230
0.00048300
0.00053100
0.00056090
0.00047500
0.00047030
0.00053770
0.00049850
0.00048290
0.00048020
0.00048490
0.00047510
0.00047250
0.00047070
0.00047330
0.00047390
0.00048840
0.00048350
0.00046710
0.00053120
0.00056680
0.00048560
0.00047310
0.00046670
0.00047390
0.00056320
0.00062140
0.00061210
0.00060780
0.00063090
0.00061010
0.00061850
0.00064250
0.00061980
0.00063650
0.00061660
0.00061280
0.00065230
0.00067200
0.00067360
0.00062580
0.00063080
0.00085590
0.00070940
0.00072360
0.00067520
0.00062560
0.00062700
0.00064740
0.00063980
0.00068330
0.00066850
0.00066800
0.00114670
0.00108990
0.00073370
0.00064230
0.00067420
0.00064990
0.00063730
0.00061640
0.00061470
0.00061720
0.00065100
0.00067640
0.00064960
0.00064930
0.00064830
0.00064560
0.00063470
0.00065500
0.00064650
0.00067430
0.00067390
0.00065940
0.00064790
0.00068710
0.00065130
0.00066420
0.00066450
0.00064160
0.00064870
0.00066440
0.00067600
0.00065680
0.00064490
0.00063950
0.00064080
0.00063180
0.00066990
0.00063720
0.00063260
0.00062890
0.00063870
0.00064100
0.00063800
0.00064510
0.00067250
0.00064130
0.00111360
0.00125190
0.00114180
0.00072130
0.00120990
0.00062700
0.00091060
0.00088500
0.00091750
0.00089450
0.00084950
0.00051220
0.00046530
0.00044760
0.00041910
0.00041790
0.00042150
0.00041250
0.00042200
0.00038940
0.00040910
0.00040010
0.00051590
0.00043610
0.00039210
0.00044650
0.00073540
0.00039990
0.00038830
0.00041070
0.00072600
0.00066590
0.00067590
0.00066280
0.00044740
0.00040190
0.00039020
0.00000000
0.00000000
0.00000000
0.00000000
0.00007690
0.00072350
