1
224.00,81.00,43.00,45.00
224.00,82.00,43.00,45.00
224.00,83.00,43.00,45.00
224.00,83.00,43.00,45.00
223.00,83.00,43.00,45.00
222.00,83.00,43.00,45.00
221.00,84.00,43.00,45.00
220.00,84.00,43.00,45.00
219.00,84.00,43.00,45.00
218.00,84.00,43.00,45.00
216.00,85.00,43.00,45.00
214.00,86.00,43.00,45.00
212.00,87.00,43.00,45.00
211.00,88.00,43.00,45.00
210.00,89.00,43.00,45.00
208.00,89.00,43.00,45.00
206.00,89.00,43.00,45.00
204.00,89.00,43.00,45.00
205.00,89.00,43.00,45.00
206.00,88.00,43.00,45.00
207.00,88.00,43.00,45.00
208.00,88.00,43.00,45.00
208.00,88.00,43.00,45.00
2
0
0
0
0
1
123.00,124.00,58.00,65.00
113.00,125.00,58.00,65.00
98.00,124.00,58.00,65.00
89.00,124.00,58.00,65.00
87.00,126.00,58.00,65.00
87.00,126.00,58.00,65.00
87.00,126.00,58.00,65.00
2
0
0
0
0
1
12.00,108.00,60.00,48.00
12.00,109.00,60.00,48.00
12.00,109.00,60.00,48.00
2
0
0
0
0
1
119.00,77.00,55.00,60.00
104.00,71.00,55.00,60.00
89.00,83.00,55.00,60.00
2
0
0
0
0
1
171.00,65.00,41.00,60.00
163.00,63.00,41.00,60.00
2
0
0
0
0
1
253.00,47.00,36.00,60.00
2
0
0
0
0
1
262.00,59.00,38.00,59.00
259.00,37.00,38.00,59.00
2
0
0
0
0
1
241.00,90.00,36.00,54.00
242.00,93.00,36.00,54.00
234.00,79.00,36.00,54.00
236.00,80.00,36.00,54.00
236.00,80.00,36.00,54.00
236.00,80.00,36.00,54.00
2
0
0
0
0
1
233.00,127.00,52.00,56.00
225.00,128.00,52.00,56.00
223.00,125.00,52.00,56.00
250.00,133.00,52.00,56.00
249.00,131.00,52.00,56.00
247.00,131.00,52.00,56.00
2
0
0
0
0
1
157.00,99.00,36.00,74.00
148.00,99.00,36.00,74.00
159.00,95.00,36.00,74.00
159.00,96.00,36.00,74.00
159.00,94.00,36.00,74.00
2
0
0
0
0
1
107.00,62.00,40.00,52.00
107.00,59.00,40.00,52.00
94.00,60.00,40.00,52.00
94.00,59.00,40.00,52.00
2
0
0
0
0
1
133.00,59.00,34.00,50.00
2
0
0
0
0
1
171.00,62.00,37.00,49.00
173.00,62.00,37.00,49.00
174.00,62.00,37.00,49.00
175.00,62.00,37.00,49.00
175.00,62.00,37.00,49.00
176.00,61.00,37.00,49.00
177.00,61.00,37.00,49.00
178.00,61.00,37.00,49.00
178.00,62.00,37.00,49.00
178.00,63.00,37.00,49.00
177.00,65.00,37.00,49.00
176.00,65.00,37.00,49.00
176.00,65.00,37.00,49.00
177.00,64.00,37.00,49.00
196.00,60.00,37.00,49.00
198.00,60.00,37.00,49.00
2
0
0
0
0
1
112.00,104.00,52.00,61.00
2
0
0
0
0
1
80.00,145.00,50.00,53.00
82.00,150.00,50.00,53.00
81.00,150.00,50.00,53.00
79.00,149.00,50.00,53.00
78.00,149.00,50.00,53.00
77.00,126.00,50.00,53.00
76.00,123.00,50.00,53.00
76.00,122.00,50.00,53.00
76.00,122.00,50.00,53.00
76.00,122.00,50.00,53.00
76.00,122.00,50.00,53.00
76.00,122.00,50.00,53.00
77.00,122.00,50.00,53.00
78.00,121.00,50.00,53.00
94.00,95.00,50.00,53.00
91.00,96.00,50.00,53.00
91.00,96.00,50.00,53.00
91.00,96.00,50.00,53.00
92.00,96.00,50.00,53.00
93.00,97.00,50.00,53.00
93.00,98.00,50.00,53.00
86.00,100.00,50.00,53.00
88.00,99.00,50.00,53.00
91.00,97.00,50.00,53.00
94.00,95.00,50.00,53.00
98.00,94.00,50.00,53.00
102.00,92.00,50.00,53.00
106.00,91.00,50.00,53.00
109.00,91.00,50.00,53.00
111.00,91.00,50.00,53.00
112.00,92.00,50.00,53.00
112.00,93.00,50.00,53.00
112.00,94.00,50.00,53.00
113.00,95.00,50.00,53.00
115.00,96.00,50.00,53.00
117.00,98.00,50.00,53.00
120.00,100.00,50.00,53.00
122.00,102.00,50.00,53.00
124.00,105.00,50.00,53.00
127.00,108.00,50.00,53.00
131.00,113.00,50.00,53.00
136.00,116.00,50.00,53.00
142.00,118.00,50.00,53.00
148.00,121.00,50.00,53.00
153.00,124.00,50.00,53.00
157.00,126.00,50.00,53.00
153.00,122.00,50.00,53.00
156.00,119.00,50.00,53.00
166.00,118.00,50.00,53.00
171.00,116.00,50.00,53.00
176.00,115.00,50.00,53.00
179.00,114.00,50.00,53.00
156.00,124.00,50.00,53.00
153.00,124.00,50.00,53.00
153.00,124.00,50.00,53.00
153.00,124.00,50.00,53.00
2
0
0
0
0
1
225.00,97.00,45.00,58.00
224.00,98.00,45.00,58.00
224.00,100.00,45.00,58.00
223.00,103.00,45.00,58.00
222.00,101.00,45.00,58.00
223.00,98.00,45.00,58.00
224.00,98.00,45.00,58.00
224.00,98.00,45.00,58.00
224.00,99.00,45.00,58.00
224.00,100.00,45.00,58.00
224.00,101.00,45.00,58.00
224.00,102.00,45.00,58.00
224.00,101.00,45.00,58.00
224.00,101.00,45.00,58.00
225.00,101.00,45.00,58.00
225.00,100.00,45.00,58.00
225.00,100.00,45.00,58.00
