0.00090140
0.00088490
0.00073880
0.00066970
0.00071610
0.00065960
0.00066950
0.00043970
0.00042730
0.00052110
0.00051760
0.00042860
0.00044110
0.00043080
0.00044220
0.00044240
0.00046320
0.00054900
0.00045610
0.00059870
0.00055040
0.00046410
0.00043670
0.00042830
0.00045260
0.00000000
0.00000000
0.00000000
0.00000000
0.00187070
0.00265830
0.00274660
0.00259910
0.00270940
0.00262300
0.00262380
0.00256820
0.00258720
0.00000000
0.00000000
0.00000000
0.00000000
0.00154120
0.00221810
0.00263740
0.00209490
0.00212790
0.00000000
0.00000000
0.00000000
0.00000000
0.00150590
0.00211990
0.00212400
0.00206970
0.00283960
0.00000000
0.00000000
0.00000000
0.00000000
0.00257760
0.00208220
0.00210550
0.00210620
0.00000000
0.00000000
0.00000000
0.00000000
0.00149600
0.00212200
0.00209660
0.00000000
0.00000000
0.00000000
0.00000000
0.00147330
0.00205190
0.00210280
0.00209410
0.00000000
0.00000000
0.00000000
0.00000000
0.00069990
0.00086260
0.00085650
0.00086180
0.00085430
0.00088510
0.00086310
0.00085440
0.00000000
0.00000000
0.00000000
0.00000000
0.00122210
0.00169000
0.00169570
0.00178550
0.00170850
0.00169200
0.00169580
0.00169670
0.00000000
0.00000000
0.00000000
0.00000000
0.00132320
0.00202210
0.00199230
0.00181270
0.00182810
0.00182100
0.00180000
0.00000000
0.00000000
0.00000000
0.00000000
0.00044210
0.00049180
0.00049020
0.00047960
0.00051280
0.00048640
0.00000000
0.00000000
0.00000000
0.00000000
0.00100290
0.00134580
0.00136570
0.00000000
0.00000000
0.00000000
0.00000000
0.00105030
0.00130260
0.00131660
0.00127960
0.00127110
0.00126740
0.00149030
0.00126840
0.00128000
0.00127490
0.00127450
0.00129510
0.00136620
0.00129900
0.00128190
0.00125870
0.00126050
0.00126460
0.00000000
0.00000000
0.00000000
0.00000000
0.00146550
0.00217420
0.00210870
0.00000000
0.00000000
0.00000000
0.00000000
0.00044520
0.00050230
0.00048160
0.00048810
0.00048820
0.00048590
0.00054030
0.00050420
0.00050770
0.00050090
0.00049880
0.00051050
0.00049290
0.00049850
0.00049550
0.00050650
0.00080360
0.00056780
0.00084590
0.00085020
0.00076800
0.00078530
0.00077250
0.00053920
0.00052310
0.00051060
0.00052700
0.00050440
0.00049930
0.00050830
0.00048950
0.00049430
0.00051190
0.00051000
0.00049890
0.00049720
0.00049250
0.00049440
0.00048820
0.00047970
0.00048300
0.00049460
0.00048030
0.00083000
0.00083880
0.00080210
0.00079410
0.00074730
0.00081830
0.00080520
0.00079390
0.00080490
0.00081580
0.00080340
0.00079440
0.00049310
0.00053550
0.00053680
0.00000000
0.00000000
0.00000000
0.00000000
0.00066650
0.00083090
0.00084740
0.00082740
0.00082620
0.00083380
0.00083980
0.00083990
0.00082800
0.00082870
0.00083400
0.00081700
0.00082720
0.00081740
0.00082840
0.00082940
0.00083590
0.00083220
