0.00001760
0.00490420
0.00449630
0.00432010
0.00464560
0.00426410
0.00429070
0.00456750
0.00421830
0.00417500
0.00427490
0.00428370
0.00416920
0.00434880
0.00419020
0.00415770
0.00417860
0.00408890
0.00405740
0.00410480
0.00422310
0.00415060
0.00425920
0.00456960
0.00418530
0.00000000
0.00000000
0.00000000
0.00000000
0.00010070
0.00479690
0.00441290
0.00451610
0.00454470
0.00444460
0.00449900
0.00465020
0.00445970
0.00457120
0.00457100
0.00445560
0.00460630
0.00448300
0.00446160
0.00465180
0.00443970
0.00463290
0.00447920
0.00442570
0.00470580
0.00461600
0.00442790
0.00497870
0.00456450
0.00450490
0.00499540
0.00444820
0.00481480
0.00479340
0.00456770
0.00500850
0.00459280
0.00463420
0.00489110
0.00447820
0.00483960
0.00483420
0.00453990
0.00494220
0.00463750
0.00463890
0.00493120
0.00000000
0.00000000
0.00000000
0.00000000
0.00001430
0.00401250
0.00387060
0.00564900
0.00416150
0.00577650
0.00597650
0.00544700
0.00396300
0.00413600
0.00388130
0.00385290
0.00382110
0.00377840
0.00390700
0.00636310
0.00631570
0.00358260
0.00359160
0.00360860
0.00420050
0.00373100
0.00367720
0.00374410
0.00363830
0.00351280
0.00361620
0.00356230
0.00363700
0.00370250
0.00361510
0.00354540
0.00360450
0.00358090
0.00365710
0.00362810
0.00371230
0.00351980
0.00362660
0.00365950
0.00365840
0.00353960
0.00359670
0.00370500
0.00365340
0.00349520
0.00372810
0.00370650
0.00363780
0.00360020
0.00363240
0.00368320
0.00366840
0.00350880
0.00356750
0.00370610
0.00374210
0.00366850
0.00358160
0.00374590
0.00369300
0.00354000
0.00363420
0.00360350
0.00369640
0.00366050
0.00358550
0.00358170
0.00365670
0.00360550
0.00360600
0.00381520
0.00375100
0.00368090
0.00381340
0.00367410
0.00367670
0.00365720
0.00365930
0.00362270
0.00367560
0.00364180
0.00368020
0.00361480
0.00362530
0.00381910
0.00367970
0.00378640
0.00000000
0.00000000
0.00000000
0.00000000
0.00001670
0.00387290
0.00378900
0.00447790
0.00426070
0.00402050
0.00382690
0.00380280
0.00390390
0.00393230
0.00383780
0.00394150
0.00410030
0.00383110
0.00379900
0.00397840
0.00383990
0.00393780
0.00393600
0.00395250
0.00394560
0.00397290
0.00397030
0.00405130
0.00403480
0.00401460
0.00390810
0.00392590
0.00398420
0.00381820
0.00344110
0.00347410
0.00334610
0.00000000
0.00000000
0.00000000
0.00000000
0.00009080
0.00542030
0.00538800
0.00534310
0.00530930
0.00529450
0.00525190
0.00514330
0.00511590
0.00508610
0.00521740
0.00507580
0.00520090
0.00520460
0.00000000
0.00000000
0.00000000
0.00000000
0.00008070
0.00493310
0.00478830
0.00477160
0.00474950
0.00478820
0.00469820
0.00000000
0.00000000
0.00000000
0.00000000
0.00008370
0.00355170
0.00345870
0.00336270
0.00342320
0.00000000
0.00000000
0.00000000
0.00000000
0.00001050
0.00315140
0.00312280
0.00300210
0.00310540
0.00000000
0.00000000
0.00000000
0.00000000
0.00004270
0.00329360
0.00324390
0.00335500
0.00000000
0.00000000
0.00000000
0.00000000
0.00008320
0.00316610
0.00297360
0.00314020
0.00285780
0.00296020
0.00000000
0.00000000
0.00000000
0.00000000
0.00006040
0.00295830
0.00279140
0.00272720
0.00278240
0.00267720
0.00265810
0.00263140
0.00265440
0.00261710
0.00268590
0.00266290
0.00268760
0.00261770
0.00272660
0.00269000
0.00256380
0.00265710
0.00265980
0.00272830
0.00251260
0.00247210
0.00273420
0.00245760
0.00244120
0.00271200
0.00273150
0.00289240
0.00274160
0.00267880
0.00276760
0.00271910
0.00267190
0.00277810
0.00298960
0.00305270
0.00311010
0.00319590
0.00295700
0.00000000
0.00000000
0.00000000
0.00000000
0.00000990
0.00282130
0.00274730
0.00271320
0.00265130
0.00284950
0.00286970
0.00282130
0.00307470
0.00000000
0.00000000
0.00000000
0.00000000
0.00009580
0.00294000
0.00313920
0.00270740
0.00298670
0.00289300
0.00285260
0.00299050
0.00284920
0.00286540
0.00284800
0.00282310
0.00284290
0.00281710
0.00286520
0.00283210
0.00284570
0.00288260
0.00296760
0.00300410
0.00285540
0.00292770
0.00313230
0.00283250
0.00295960
0.00308080
0.00285520
0.00291370
0.00305830
0.00292510
0.00294570
0.00297810
0.00270730
0.00292820
0.00292090
0.00264480
0.00275360
0.00286540
0.00264190
0.00272630
0.00287330
0.00270650
0.00271300
0.00272650
0.00262220
0.00276990
0.00287800
0.00261820
0.00263130
0.00269230
0.00262800
0.00255780
0.00259880
0.00264220
0.00276000
0.00241590
0.00261040
0.00235510
0.00260310
0.00245940
0.00228740
0.00234570
0.00240610
0.00214670
0.00217780
0.00216550
0.00229800
0.00242800
0.00253650
0.00232600
0.00257200
0.00241380
0.00211850
0.00209980
0.00217410
0.00201890
0.00213210
0.00197930
0.00201500
0.00250620
0.00228240
0.00209900
0.00274440
0.00268800
0.00253990
0.00255330
0.00276200
0.00275640
0.00264730
0.00249390
0.00246480
0.00242890
0.00229680
0.00226790
0.00237490
0.00251210
0.00236630
0.00236720
0.00231770
0.00246660
0.00238330
0.00247050
0.00250930
0.00259030
0.00269910
0.00274540
0.00260350
0.00273270
0.00267220
0.00270970
0.00264280
0.00262750
0.00284300
0.00285260
0.00287030
0.00293910
0.00290430
0.00294650
0.00320500
0.00315140
0.00286720
0.00288660
0.00325610
0.00330170
0.00297000
0.00353200
0.00297560
0.00299180
0.00294850
0.00314650
0.00269830
0.00278780
0.00257380
0.00332200
0.00280810
0.00309200
0.00315330
0.00321590
0.00302770
0.00307430
0.00288040
0.00289780
0.00272380
0.00271890
0.00268500
0.00298380
0.00277160
0.00280150
0.00277830
0.00279050
0.00277260
0.00278860
0.00297540
0.00298950
0.00295440
0.00302320
0.00295040
0.00297810
0.00273080
0.00292740
0.00283750
0.00285710
0.00265930
0.00287820
0.00299190
0.00278740
0.00279180
0.00281640
0.00272850
0.00286820
0.00257340
0.00274220
0.00259810
0.00273410
