0.00195810
0.00395930
0.00278650
0.00298060
0.00275910
0.00291480
0.00000000
0.00000000
0.00000000
0.00000000
0.00182720
0.00264080
0.00000000
0.00000000
0.00000000
0.00000000
0.00185940
0.00309650
0.00264300
0.00295520
0.00264730
0.00295890
0.00000000
0.00000000
0.00000000
0.00000000
0.00192610
0.00296110
0.00267530
0.00316140
0.00272560
0.00279350
0.00304710
0.00000000
0.00000000
0.00000000
0.00000000
0.00191460
0.00301090
0.00273200
0.00306710
0.00271730
0.00274890
0.00327940
0.00272270
0.00307600
0.00273380
0.00289170
0.00263670
0.00293710
0.00267200
0.00000000
0.00000000
0.00000000
0.00000000
0.00198260
0.00267660
0.00262400
0.00293590
0.00291020
0.00298010
0.00295550
0.00272470
0.00300300
0.00302780
0.00300600
0.00272210
0.00272130
0.00278760
0.00264560
0.00281810
0.00305610
0.00278800
0.00264970
0.00270310
0.00275390
0.00277650
0.00305770
0.00276050
0.00285430
0.00278110
0.00269710
0.00280810
0.00295170
0.00271200
0.00258030
0.00266870
0.00268560
0.00290260
0.00293360
0.00257340
0.00259110
0.00268220
0.00268350
0.00261430
0.00283700
0.00260480
0.00260580
0.00263890
0.00265520
0.00271730
0.00287690
0.00266320
0.00260820
0.00264640
0.00254410
0.00301140
0.00293710
0.00282520
0.00259530
0.00259990
0.00285860
0.00269520
0.00291080
0.00269470
0.00274000
0.00262160
0.00261890
0.00269380
0.00295460
0.00270990
0.00250610
0.00273210
0.00305270
0.00274810
0.00261490
0.00259980
0.00272470
0.00276290
0.00270160
0.00266020
0.00258410
0.00267430
0.00303070
0.00276080
0.00264580
0.00253460
0.00000000
0.00000000
0.00000000
0.00000000
0.00173840
0.00244490
0.00262650
0.00263300
0.00265830
0.00255610
0.00243220
0.00250060
0.00292840
0.00269900
0.00257340
0.00240400
0.00244690
0.00262990
0.00274870
0.00259930
0.00257520
0.00251680
0.00294610
0.00263900
0.00248630
0.00249630
0.00252520
0.00270310
0.00252760
0.00255670
0.00241330
0.00250280
0.00310470
0.00258880
0.00248460
0.00245060
0.00250500
0.00296410
0.00270970
0.00254710
0.00258110
0.00259450
0.00266370
0.00257450
0.00239770
0.00243290
0.00246280
0.00267010
0.00252440
0.00273940
0.00253110
0.00282150
0.00262050
0.00252730
0.00246050
0.00261070
0.00258920
0.00252770
0.00295760
0.00262960
0.00262560
0.00270380
0.00241910
0.00261250
0.00246720
0.00253470
0.00245210
0.00263530
0.00252570
0.00265220
0.00257220
0.00261030
0.00234910
0.00250940
0.00251090
0.00241860
0.00294270
0.00254610
0.00267440
0.00266320
0.00249080
0.00266580
0.00259490
0.00268670
0.00243120
0.00269860
0.00253150
0.00268450
0.00263130
0.00250750
0.00241850
0.00262100
0.00256940
0.00253630
0.00295170
0.00260300
0.00263770
0.00265550
0.00244170
0.00249930
0.00257420
0.00259530
0.00237480
0.00000000
0.00000000
0.00000000
0.00000000
0.00187980
0.00250340
0.00253070
0.00283810
0.00264470
0.00278090
0.00288320
0.00241210
0.00244750
0.00252110
0.00249060
0.00259480
0.00254080
0.00262220
0.00267360
0.00252180
0.00258660
0.00258950
0.00261950
0.00244600
0.00267980
0.00310390
0.00267140
0.00257950
0.00260350
0.00253480
0.00245390
0.00255680
0.00255020
0.00250280
0.00263590
0.00244840
0.00268320
0.00260520
0.00250900
0.00240130
0.00261830
0.00266430
0.00240680
0.00290030
0.00259470
0.00274250
0.00262890
0.00255780
0.00250680
0.00270490
0.00265080
0.00246360
0.00275020
0.00256960
0.00264170
0.00253560
0.00251120
0.00254290
0.00259820
0.00278320
0.00253450
0.00285200
0.00267670
0.00257200
0.00271170
0.00253290
0.00256800
0.00249400
0.00261830
0.00257760
0.00263180
0.00253560
0.00268310
0.00280820
0.00283480
0.00385620
0.00274930
0.00272530
0.00253740
0.00311260
0.00302140
0.00285290
0.00272570
0.00297220
0.00268340
0.00278140
0.00273300
0.00252380
0.00274330
0.00272200
0.00286730
0.00268230
0.00265710
0.00264200
0.00270910
0.00272760
0.00265590
0.00300050
0.00283610
0.00269360
0.00274320
0.00267080
0.00258340
0.00262320
0.00279580
0.00261550
0.00275440
0.00258760
0.00286200
0.00278270
