1
349.00,153.00,25.00,60.00
348.00,150.00,25.00,60.00
346.00,147.00,25.00,60.00
342.00,146.00,25.00,60.00
2
0
0
0
0
1
2
0
0
0
0
1
321.00,159.00,25.00,60.00
317.00,155.00,25.00,60.00
313.00,152.00,25.00,60.00
308.00,151.00,25.00,60.00
2
0
0
0
0
1
335.00,152.00,25.00,60.00
335.00,148.00,25.00,60.00
335.00,147.00,25.00,60.00
336.00,146.00,25.00,60.00
339.00,146.00,25.00,60.00
2
0
0
0
0
1
330.00,160.00,25.00,60.00
333.00,161.00,25.00,60.00
333.00,162.00,25.00,60.00
333.00,165.00,25.00,60.00
331.00,166.00,25.00,60.00
323.00,164.00,25.00,60.00
319.00,162.00,25.00,60.00
316.00,163.00,25.00,60.00
312.00,163.00,25.00,60.00
311.00,164.00,25.00,60.00
312.00,166.00,25.00,60.00
310.00,167.00,25.00,60.00
2
0
0
0
0
1
330.00,143.00,25.00,60.00
329.00,140.00,25.00,60.00
329.00,141.00,25.00,60.00
341.00,140.00,25.00,60.00
341.00,138.00,25.00,60.00
342.00,136.00,25.00,60.00
344.00,133.00,25.00,60.00
342.00,132.00,25.00,60.00
339.00,131.00,25.00,60.00
335.00,130.00,25.00,60.00
332.00,129.00,25.00,60.00
330.00,129.00,25.00,60.00
328.00,129.00,25.00,60.00
327.00,130.00,25.00,60.00
327.00,130.00,25.00,60.00
329.00,130.00,25.00,60.00
330.00,130.00,25.00,60.00
331.00,130.00,25.00,60.00
330.00,129.00,25.00,60.00
329.00,127.00,25.00,60.00
328.00,127.00,25.00,60.00
328.00,128.00,25.00,60.00
326.00,129.00,25.00,60.00
325.00,129.00,25.00,60.00
324.00,128.00,25.00,60.00
327.00,128.00,25.00,60.00
329.00,129.00,25.00,60.00
330.00,129.00,25.00,60.00
329.00,128.00,25.00,60.00
329.00,127.00,25.00,60.00
328.00,127.00,25.00,60.00
328.00,128.00,25.00,60.00
328.00,129.00,25.00,60.00
329.00,130.00,25.00,60.00
329.00,131.00,25.00,60.00
331.00,130.00,25.00,60.00
334.00,129.00,25.00,60.00
336.00,128.00,25.00,60.00
338.00,127.00,25.00,60.00
339.00,127.00,25.00,60.00
339.00,127.00,25.00,60.00
340.00,127.00,25.00,60.00
340.00,127.00,25.00,60.00
340.00,127.00,25.00,60.00
340.00,128.00,25.00,60.00
340.00,128.00,25.00,60.00
341.00,126.00,25.00,60.00
341.00,125.00,25.00,60.00
343.00,124.00,25.00,60.00
343.00,124.00,25.00,60.00
344.00,125.00,25.00,60.00
344.00,125.00,25.00,60.00
345.00,126.00,25.00,60.00
346.00,127.00,25.00,60.00
347.00,128.00,25.00,60.00
349.00,130.00,25.00,60.00
354.00,131.00,25.00,60.00
358.00,130.00,25.00,60.00
361.00,129.00,25.00,60.00
362.00,128.00,25.00,60.00
364.00,128.00,25.00,60.00
366.00,129.00,25.00,60.00
366.00,130.00,25.00,60.00
366.00,130.00,25.00,60.00
367.00,131.00,25.00,60.00
367.00,132.00,25.00,60.00
365.00,128.00,25.00,60.00
364.00,128.00,25.00,60.00
364.00,128.00,25.00,60.00
361.00,123.00,25.00,60.00
361.00,124.00,25.00,60.00
362.00,127.00,25.00,60.00
363.00,127.00,25.00,60.00
363.00,127.00,25.00,60.00
363.00,127.00,25.00,60.00
362.00,127.00,25.00,60.00
362.00,128.00,25.00,60.00
362.00,129.00,25.00,60.00
361.00,130.00,25.00,60.00
361.00,131.00,25.00,60.00
2
0
0
0
0
1
389.00,156.00,25.00,60.00
389.00,155.00,25.00,60.00
393.00,158.00,25.00,60.00
396.00,151.00,25.00,60.00
398.00,150.00,25.00,60.00
399.00,151.00,25.00,60.00
403.00,153.00,25.00,60.00
404.00,153.00,25.00,60.00
405.00,153.00,25.00,60.00
406.00,153.00,25.00,60.00
407.00,153.00,25.00,60.00
408.00,156.00,25.00,60.00
408.00,156.00,25.00,60.00
408.00,154.00,25.00,60.00
410.00,154.00,25.00,60.00
410.00,153.00,25.00,60.00
410.00,152.00,25.00,60.00
410.00,152.00,25.00,60.00
409.00,152.00,25.00,60.00
409.00,153.00,25.00,60.00
410.00,153.00,25.00,60.00
411.00,154.00,25.00,60.00
413.00,155.00,25.00,60.00
417.00,157.00,25.00,60.00
422.00,157.00,25.00,60.00
427.00,157.00,25.00,60.00
438.00,156.00,25.00,60.00
442.00,156.00,25.00,60.00
443.00,156.00,25.00,60.00
445.00,155.00,25.00,60.00
450.00,154.00,25.00,60.00
452.00,154.00,25.00,60.00
454.00,153.00,25.00,60.00
457.00,153.00,25.00,60.00
458.00,150.00,25.00,60.00
460.00,148.00,25.00,60.00
460.00,147.00,25.00,60.00
463.00,146.00,25.00,60.00
463.00,146.00,25.00,60.00
463.00,146.00,25.00,60.00
463.00,146.00,25.00,60.00
463.00,147.00,25.00,60.00
465.00,149.00,25.00,60.00
465.00,151.00,25.00,60.00
467.00,153.00,25.00,60.00
465.00,154.00,25.00,60.00
464.00,153.00,25.00,60.00
464.00,153.00,25.00,60.00
465.00,154.00,25.00,60.00
463.00,156.00,25.00,60.00
460.00,156.00,25.00,60.00
458.00,156.00,25.00,60.00
456.00,155.00,25.00,60.00
453.00,157.00,25.00,60.00
452.00,157.00,25.00,60.00
451.00,158.00,25.00,60.00
450.00,157.00,25.00,60.00
451.00,155.00,25.00,60.00
452.00,153.00,25.00,60.00
453.00,153.00,25.00,60.00
454.00,152.00,25.00,60.00
454.00,151.00,25.00,60.00
453.00,150.00,25.00,60.00
453.00,149.00,25.00,60.00
453.00,148.00,25.00,60.00
452.00,147.00,25.00,60.00
452.00,147.00,25.00,60.00
450.00,146.00,25.00,60.00
449.00,145.00,25.00,60.00
448.00,145.00,25.00,60.00
448.00,145.00,25.00,60.00
448.00,145.00,25.00,60.00
448.00,145.00,25.00,60.00
447.00,144.00,25.00,60.00
447.00,142.00,25.00,60.00
448.00,142.00,25.00,60.00
448.00,142.00,25.00,60.00
448.00,142.00,25.00,60.00
449.00,142.00,25.00,60.00
448.00,142.00,25.00,60.00
448.00,141.00,25.00,60.00
448.00,141.00,25.00,60.00
448.00,141.00,25.00,60.00
449.00,144.00,25.00,60.00
450.00,141.00,25.00,60.00
451.00,138.00,25.00,60.00
452.00,137.00,25.00,60.00
453.00,136.00,25.00,60.00
452.00,136.00,25.00,60.00
453.00,136.00,25.00,60.00
454.00,135.00,25.00,60.00
455.00,133.00,25.00,60.00
456.00,128.00,25.00,60.00
460.00,128.00,25.00,60.00
465.00,128.00,25.00,60.00
471.00,126.00,25.00,60.00
476.00,126.00,25.00,60.00
2
0
0
0
0
1
525.00,123.00,25.00,60.00
530.00,120.00,25.00,60.00
532.00,118.00,25.00,60.00
532.00,118.00,25.00,60.00
532.00,110.00,25.00,60.00
531.00,115.00,25.00,60.00
530.00,112.00,25.00,60.00
529.00,115.00,25.00,60.00
527.00,111.00,25.00,60.00
525.00,112.00,25.00,60.00
523.00,112.00,25.00,60.00
521.00,113.00,25.00,60.00
519.00,113.00,25.00,60.00
517.00,112.00,25.00,60.00
515.00,112.00,25.00,60.00
512.00,112.00,25.00,60.00
510.00,112.00,25.00,60.00
506.00,111.00,25.00,60.00
504.00,110.00,25.00,60.00
503.00,109.00,25.00,60.00
501.00,107.00,25.00,60.00
498.00,105.00,25.00,60.00
496.00,105.00,25.00,60.00
495.00,104.00,25.00,60.00
494.00,103.00,25.00,60.00
491.00,99.00,25.00,60.00
488.00,97.00,25.00,60.00
487.00,96.00,25.00,60.00
484.00,94.00,25.00,60.00
482.00,92.00,25.00,60.00
481.00,90.00,25.00,60.00
481.00,87.00,25.00,60.00
481.00,85.00,25.00,60.00
481.00,84.00,25.00,60.00
481.00,84.00,25.00,60.00
482.00,85.00,25.00,60.00
482.00,84.00,25.00,60.00
483.00,83.00,25.00,60.00
483.00,81.00,25.00,60.00
483.00,80.00,25.00,60.00
485.00,81.00,25.00,60.00
486.00,81.00,25.00,60.00
486.00,80.00,25.00,60.00
488.00,78.00,25.00,60.00
489.00,76.00,25.00,60.00
489.00,75.00,25.00,60.00
489.00,75.00,25.00,60.00
489.00,76.00,25.00,60.00
487.00,78.00,25.00,60.00
487.00,78.00,25.00,60.00
487.00,78.00,25.00,60.00
484.00,78.00,25.00,60.00
483.00,79.00,25.00,60.00
480.00,80.00,25.00,60.00
477.00,80.00,25.00,60.00
474.00,79.00,25.00,60.00
470.00,78.00,25.00,60.00
465.00,77.00,25.00,60.00
462.00,79.00,25.00,60.00
457.00,80.00,25.00,60.00
454.00,83.00,25.00,60.00
449.00,84.00,25.00,60.00
445.00,85.00,25.00,60.00
439.00,85.00,25.00,60.00
436.00,86.00,25.00,60.00
435.00,86.00,25.00,60.00
433.00,88.00,25.00,60.00
433.00,88.00,25.00,60.00
430.00,88.00,25.00,60.00
429.00,88.00,25.00,60.00
427.00,87.00,25.00,60.00
426.00,87.00,25.00,60.00
427.00,88.00,25.00,60.00
427.00,89.00,25.00,60.00
426.00,90.00,25.00,60.00
426.00,89.00,25.00,60.00
425.00,89.00,25.00,60.00
424.00,89.00,25.00,60.00
424.00,89.00,25.00,60.00
424.00,90.00,25.00,60.00
422.00,89.00,25.00,60.00
422.00,87.00,25.00,60.00
421.00,86.00,25.00,60.00
420.00,86.00,25.00,60.00
418.00,87.00,25.00,60.00
416.00,88.00,25.00,60.00
411.00,87.00,25.00,60.00
409.00,86.00,25.00,60.00
408.00,86.00,25.00,60.00
406.00,88.00,25.00,60.00
404.00,88.00,25.00,60.00
403.00,87.00,25.00,60.00
402.00,86.00,25.00,60.00
398.00,85.00,25.00,60.00
397.00,86.00,25.00,60.00
394.00,87.00,25.00,60.00
392.00,86.00,25.00,60.00
390.00,85.00,25.00,60.00
387.00,85.00,25.00,60.00
382.00,86.00,25.00,60.00
376.00,86.00,25.00,60.00
373.00,85.00,25.00,60.00
370.00,84.00,25.00,60.00
369.00,84.00,25.00,60.00
369.00,84.00,25.00,60.00
