0.00100540
0.00106410
0.00076940
0.00079950
0.00090630
0.00077240
0.00072800
0.00073110
0.00079210
0.00087980
0.00077900
0.00072370
0.00072380
0.00074610
0.00074540
0.00077430
0.00073940
0.00076400
0.00075620
0.00073320
0.00092570
0.00076790
0.00074070
0.00074150
0.00074250
0.00083410
0.00100470
0.00110180
0.00078780
0.00074530
0.00073230
0.00076190
0.00074240
0.00073520
0.00073130
0.00075090
0.00073640
0.00074890
0.00080170
0.00074180
0.00074770
0.00075740
0.00074840
0.00073730
0.00072840
0.00073780
0.00073870
0.00074840
0.00075950
0.00075120
0.00075450
0.00079460
0.00076020
0.00079690
0.00081890
0.00075950
0.00074600
0.00072130
0.00075390
0.00077240
0.00074010
0.00074960
0.00077900
0.00076720
0.00081340
0.00077730
0.00072860
0.00074340
0.00073250
0.00080670
0.00079500
0.00074840
0.00080100
0.00072500
0.00076660
0.00078910
0.00079340
0.00074260
0.00072760
0.00071300
0.00081730
0.00078950
0.00074690
0.00077040
0.00074070
0.00079350
0.00080430
0.00078150
0.00077770
0.00073100
0.00076280
0.00080480
0.00079300
0.00072060
0.00076960
0.00071640
0.00078330
0.00078620
0.00077030
0.00074170
0.00093430
0.00125290
0.00090640
0.00079450
0.00078940
0.00076160
0.00074370
0.00080710
0.00080330
0.00074060
0.00074280
0.00072800
0.00076830
0.00074240
0.00074040
0.00076260
0.00077780
0.00073600
0.00078050
0.00080580
0.00076730
0.00083660
0.00075900
0.00077190
0.00074130
0.00076550
0.00073970
0.00076480
0.00073040
0.00077170
0.00077010
0.00074310
0.00073380
0.00073600
0.00073620
0.00079210
0.00074560
0.00075300
0.00074050
0.00074620
0.00084580
0.00074730
0.00075200
0.00076420
0.00074540
0.00080400
0.00078030
0.00073990
0.00073320
0.00072760
0.00072000
0.00077080
0.00075880
0.00072400
0.00072960
0.00074980
0.00079040
0.00080000
0.00077590
0.00077430
0.00074620
0.00077860
0.00093280
0.00108230
0.00078270
0.00074640
0.00073370
0.00079550
0.00073860
0.00073700
0.00073630
0.00072460
0.00074110
0.00073910
0.00072810
0.00071590
0.00072600
0.00071780
0.00072830
0.00071900
0.00075520
0.00073840
0.00073110
0.00074040
0.00074030
0.00080590
0.00078140
0.00076110
0.00073430
0.00073640
0.00073470
0.00073110
0.00071980
0.00074730
0.00074360
0.00074040
0.00073030
0.00075800
0.00073930
0.00086570
0.00079260
0.00073830
0.00074910
0.00075690
0.00076410
0.00075670
0.00075670
0.00080070
0.00075750
0.00074570
0.00071890
0.00073480
0.00074020
0.00077240
0.00077190
0.00081460
0.00074870
0.00072590
0.00071780
0.00081110
0.00077800
0.00077060
0.00076010
0.00071950
0.00075800
0.00080110
0.00077550
0.00073040
