0.00001380
0.00058880
0.00046350
0.00046200
0.00048750
0.00047160
0.00048610
0.00098090
0.00050190
0.00048130
0.00046770
0.00046870
0.00046890
0.00046650
0.00047650
0.00048890
0.00048770
0.00050440
0.00089580
0.00090330
0.00087720
0.00085070
0.00082060
0.00081830
0.00087650
0.00052950
0.00049740
0.00048400
0.00047070
0.00046730
0.00046950
0.00046960
0.00046980
0.00046980
0.00046610
0.00050720
0.00051190
0.00050850
0.00049570
0.00047570
0.00046380
0.00046870
0.00046460
0.00046020
0.00046630
0.00046440
0.00045910
0.00046710
0.00047520
0.00047530
0.00048090
0.00047320
0.00047040
0.00046790
0.00046630
0.00000000
0.00000000
0.00000000
0.00000000
0.00006910
0.00048840
0.00043670
0.00045280
0.00040490
0.00040420
0.00040450
0.00043860
0.00044380
0.00042050
0.00041470
0.00041180
0.00040690
0.00040960
0.00041020
0.00041900
0.00041050
0.00041400
0.00041680
0.00045430
0.00043010
0.00042620
0.00042690
0.00041220
0.00040970
0.00041430
0.00041240
0.00041100
0.00041580
0.00041740
0.00054510
0.00044530
0.00042020
0.00042050
0.00040800
0.00041330
0.00041630
0.00041040
0.00041190
0.00042240
0.00040630
0.00040780
0.00040820
0.00043940
0.00041010
0.00041420
0.00041260
0.00041170
0.00040800
0.00041130
0.00041050
0.00040500
0.00041380
0.00040600
0.00040940
0.00043800
0.00042010
0.00041420
0.00041520
0.00040470
0.00040980
0.00041190
0.00040460
0.00041120
0.00040660
0.00040520
0.00041000
0.00040400
0.00041890
0.00040330
0.00041080
0.00040970
0.00040930
0.00040520
0.00041180
0.00040290
0.00040490
0.00041050
0.00040940
0.00041630
0.00041300
0.00041000
0.00040520
0.00041090
0.00040650
0.00040850
0.00040690
0.00041460
0.00040860
0.00040470
0.00040910
0.00040460
0.00041920
0.00041550
0.00040700
0.00041530
0.00040380
0.00040640
0.00041540
0.00040370
0.00040540
0.00040830
0.00040390
0.00040310
0.00043530
0.00043330
0.00041900
0.00041910
0.00041790
0.00041360
0.00040470
0.00040430
0.00040830
0.00041340
0.00040650
0.00040970
0.00041570
0.00041270
0.00041720
0.00040720
0.00040820
0.00042220
0.00041070
0.00041280
0.00041560
0.00041800
0.00041760
0.00042300
0.00044520
0.00042560
0.00041520
0.00041210
0.00041190
0.00040590
0.00040670
0.00040960
0.00040600
0.00040660
0.00041130
0.00043260
0.00040440
0.00041190
0.00041140
0.00040420
0.00040920
0.00040930
0.00041140
0.00040420
0.00040390
0.00041520
0.00040440
0.00040380
0.00041350
0.00043110
0.00040550
0.00040130
0.00040730
0.00040310
0.00040330
0.00041170
0.00040850
0.00040370
0.00040300
0.00040760
0.00040740
0.00040500
0.00041160
0.00041220
0.00040980
0.00040750
0.00040870
0.00040730
0.00040870
0.00040400
0.00040740
0.00040870
0.00040760
0.00040490
0.00042260
0.00041650
0.00040980
0.00040470
0.00040270
0.00040860
0.00041710
0.00040530
0.00040410
0.00040540
0.00041190
0.00041500
0.00040490
0.00040780
0.00041230
0.00041140
0.00041130
0.00040400
0.00040630
0.00040400
0.00040910
0.00041160
0.00040680
0.00040590
0.00040770
0.00040790
0.00041040
0.00040770
0.00040820
0.00040840
0.00040550
0.00040570
0.00040940
0.00040840
0.00040970
0.00040700
0.00040770
0.00040680
0.00045650
0.00041640
0.00041020
0.00041140
0.00040640
0.00040330
0.00040620
0.00040750
0.00040740
0.00040250
0.00040380
0.00040690
0.00041000
0.00044260
0.00040700
0.00040910
0.00040980
0.00041150
0.00040360
0.00040420
0.00040790
0.00040980
0.00040300
0.00040880
0.00041210
0.00041670
0.00040790
0.00040420
