0.00101270
0.00108550
0.00096750
0.00093960
0.00087860
0.00090950
0.00092530
0.00084590
0.00083560
0.00086420
0.00083870
0.00083150
0.00082600
0.00084810
0.00090000
0.00087990
0.00084750
0.00086760
0.00083990
0.00082950
0.00082790
0.00083310
0.00082310
0.00083120
0.00082520
0.00085570
0.00085580
0.00084140
0.00084530
0.00083710
0.00084020
0.00082840
0.00084110
0.00085960
0.00084600
0.00084360
0.00082720
0.00082770
0.00085050
0.00082860
0.00082360
0.00086330
0.00088550
0.00086380
0.00086100
0.00084270
0.00083060
0.00082750
0.00083480
0.00085510
0.00083600
0.00084090
0.00083050
0.00082570
0.00082270
0.00084310
0.00083420
0.00084190
0.00083370
0.00082290
0.00082560
0.00081810
0.00082120
0.00082400
0.00082160
0.00087120
0.00086340
0.00087980
0.00086710
0.00086890
0.00086360
0.00085880
0.00083500
0.00084340
0.00083330
0.00082720
0.00083020
0.00083530
0.00082770
0.00082950
0.00084710
0.00085760
0.00085480
0.00083580
0.00083050
0.00083060
0.00082090
0.00082230
0.00081940
0.00085130
0.00082430
0.00082360
0.00082430
0.00083330
0.00083180
0.00082870
0.00083180
0.00084450
0.00086440
0.00084210
0.00082970
0.00083370
0.00082550
0.00082490
0.00082510
0.00096070
0.00084360
0.00082690
0.00082270
0.00084320
0.00083010
0.00082080
0.00082420
0.00084150
0.00085470
0.00087160
0.00085760
0.00083440
0.00083660
0.00085310
0.00082350
0.00093050
0.00085260
0.00084820
0.00083690
0.00083240
0.00083040
0.00083030
0.00085470
0.00085360
0.00085180
0.00084730
0.00084680
0.00083430
0.00083490
0.00083680
0.00084660
0.00085870
0.00084280
0.00083690
0.00083070
0.00083210
0.00082750
0.00084960
0.00082820
0.00082740
0.00082250
0.00082060
0.00083580
0.00083720
0.00084010
0.00083570
0.00083120
0.00090150
0.00084250
0.00083460
0.00083280
0.00083180
0.00083260
0.00083030
0.00082860
0.00090260
0.00083820
0.00085340
0.00083810
0.00083550
0.00082850
0.00082320
0.00082010
0.00084420
0.00083110
0.00082790
0.00082830
0.00083020
0.00086620
0.00083910
0.00083710
0.00087400
0.00083610
0.00082950
0.00083490
0.00082720
0.00082830
0.00082850
0.00082770
0.00086550
0.00106440
0.00084720
0.00083770
0.00083420
0.00082970
0.00082900
0.00081560
0.00088060
0.00078390
0.00083140
0.00079510
0.00082480
0.00079130
0.00079390
0.00079370
0.00078900
0.00089200
0.00083390
0.00105820
0.00079800
0.00080310
0.00078510
0.00078040
0.00078330
0.00088710
0.00079480
0.00079190
0.00079090
0.00078590
0.00078390
0.00078050
0.00086050
0.00085500
0.00085410
0.00080330
0.00078850
0.00078320
0.00078990
0.00079340
0.00079060
0.00078550
0.00085180
0.00078480
0.00087470
0.00078950
0.00078370
0.00081730
0.00078550
0.00083060
0.00083350
0.00081500
0.00078930
0.00086610
0.00078590
0.00078320
0.00078300
0.00078460
0.00078950
0.00084030
0.00079400
0.00082520
0.00082170
0.00082280
0.00081790
0.00081530
0.00081590
0.00085540
0.00081700
0.00081990
0.00081590
0.00082130
0.00082780
0.00000000
0.00000000
0.00000000
0.00000000
0.00146990
0.00217870
0.00208570
0.00210080
0.00206820
0.00206780
0.00207840
0.00206730
0.00206360
0.00205810
0.00205840
0.00206220
0.00206810
0.00206070
0.00205800
0.00206970
0.00206350
0.00206880
0.00205280
0.00204290
0.00205550
0.00203110
0.00207240
0.00207010
0.00205120
0.00198990
0.00201490
0.00202760
0.00200770
0.00200700
0.00197040
0.00196180
0.00200810
0.00197180
0.00197170
0.00195740
0.00195980
0.00208090
0.00196200
0.00201070
0.00214610
0.00239610
0.00202790
0.00223440
0.00214310
0.00204700
0.00201450
0.00237100
0.00212060
0.00217630
0.00197310
0.00209110
0.00195500
0.00197970
0.00196240
0.00196310
0.00203910
0.00205960
0.00205320
0.00204770
0.00204420
0.00205370
0.00211220
0.00206460
0.00207110
0.00205240
0.00204870
0.00208150
0.00204220
0.00205210
0.00206610
0.00204580
0.00206570
0.00205680
0.00205190
0.00204940
0.00203500
0.00206340
0.00205580
0.00204970
0.00205210
0.00206350
0.00207240
0.00205520
0.00207870
0.00206020
0.00205560
0.00211280
0.00219570
0.00304580
0.00221510
0.00240960
0.00216390
0.00288330
0.00282090
0.00231670
0.00219740
0.00215400
0.00211950
0.00212700
0.00219160
0.00209020
0.00228810
0.00211960
0.00213300
0.00208950
0.00209120
0.00206720
0.00209020
0.00216210
0.00225460
0.00209490
