0.00008390
0.00066010
0.00042530
0.00047560
0.00045320
0.00041920
0.00038960
0.00039320
0.00039950
0.00045690
0.00041770
0.00043690
0.00041720
0.00041210
0.00038720
0.00038870
0.00040380
0.00039700
0.00040220
0.00042220
0.00047950
0.00044660
0.00041420
0.00039800
0.00038550
0.00038820
0.00038970
0.00038170
0.00038420
0.00038830
0.00040140
0.00038400
0.00038860
0.00038400
0.00038450
0.00039100
0.00038840
0.00038880
0.00038450
0.00038310
0.00040450
0.00040280
0.00041450
0.00040940
0.00040770
0.00043810
0.00040560
0.00041010
0.00041820
0.00040430
0.00040430
0.00040710
0.00039940
0.00040670
0.00040420
0.00040690
0.00040150
0.00040400
0.00040440
0.00040400
0.00039810
0.00040520
0.00039900
0.00040260
0.00039620
0.00042000
0.00041800
0.00040640
0.00040590
0.00040900
0.00039920
0.00041180
0.00039840
0.00039870
0.00040870
0.00040240
0.00040960
0.00039930
0.00040250
0.00040560
0.00040240
0.00040320
0.00040750
0.00046620
0.00042410
0.00040530
0.00041330
0.00040260
0.00040840
0.00040100
0.00039850
0.00040740
0.00039980
0.00040230
0.00040260
0.00040180
0.00039780
0.00040650
0.00039830
0.00040450
0.00042470
0.00041300
0.00040090
0.00040620
0.00040290
0.00040590
0.00039820
0.00040460
0.00040380
0.00040390
0.00044510
0.00038510
0.00030290
0.00028490
0.00037970
0.00037590
0.00028160
0.00034540
0.00034170
0.00035690
0.00038420
0.00041760
0.00040450
0.00040300
0.00040120
0.00040090
0.00039770
0.00040520
0.00040230
0.00040470
0.00042770
0.00040110
0.00039730
0.00039930
0.00040510
0.00040690
0.00039940
0.00040140
0.00039820
0.00040460
0.00041120
0.00040590
0.00039940
0.00040740
0.00039690
0.00040990
0.00040440
0.00040090
0.00040340
0.00041250
0.00039910
0.00040320
0.00039930
0.00040820
0.00040000
0.00040430
0.00039920
0.00040420
0.00040970
0.00043160
0.00038840
0.00039040
0.00038310
0.00042120
0.00038560
0.00038320
0.00038580
0.00038770
0.00038370
0.00041540
0.00040090
0.00040270
