0.00153430
0.00229160
0.00244750
0.00257980
0.00244330
0.00226500
0.00231450
0.00298610
0.00387300
0.00407600
0.00392610
0.00236870
0.00235830
0.00228710
0.00226000
0.00231140
0.00238710
0.00229910
0.00239050
0.00236520
0.00221760
0.00228860
0.00231840
0.00225460
0.00235970
0.00249560
0.00229000
0.00238700
0.00240730
0.00232840
0.00241820
0.00234780
0.00224150
0.00345350
0.00387460
0.00359810
0.00257110
0.00246240
0.00231920
0.00241590
0.00383620
0.00822520
0.00418160
0.00243690
0.00331490
0.00457040
0.00246570
0.00234640
0.00427110
0.00404940
0.00371700
0.00383170
0.00375990
0.00232270
0.00238050
0.00235930
0.00229550
0.00236230
0.00236590
0.00230300
0.00238110
0.00237950
0.00225310
0.00235770
0.00234190
0.00235560
0.00239710
0.00232140
0.00224920
0.00236910
0.00243540
0.00234610
0.00240360
0.00232120
0.00229290
0.00234680
0.00234830
0.00224490
0.00199040
0.00238960
0.00236620
0.00234440
0.00215710
0.00204890
0.00241630
0.00234140
0.00234670
0.00232390
0.00234530
0.00230040
0.00199610
0.00233230
0.00234110
0.00231860
0.00230850
0.00208810
0.00237400
0.00232990
0.00229430
0.00221780
0.00200500
0.00234390
0.00235070
0.00236600
0.00245880
0.00236190
0.00227180
0.00203520
0.00228820
0.00236670
0.00235010
0.00224380
0.00197630
0.00237140
0.00235890
0.00232080
0.00215650
0.00205390
0.00239720
0.00232770
0.00233920
0.00232090
0.00234650
0.00228840
0.00204390
0.00239550
0.00235140
0.00226540
0.00202730
0.00224230
0.00189790
0.00196700
0.00229850
0.00229960
0.00200140
0.00225650
0.00189940
0.00197100
0.00223030
0.00205150
0.00226800
0.00194690
0.00195310
0.00232710
0.00228420
0.00202710
0.00228040
0.00193730
0.00193470
0.00226630
0.00198070
0.00223840
0.00189150
0.00186580
0.00254120
0.00216350
0.00213980
0.00215880
0.00188850
0.00208160
0.00213550
0.00200910
0.00218240
0.00185920
0.00187130
0.00224040
0.00244650
0.00206240
0.00226010
0.00186510
0.00197820
0.00216220
0.00190250
0.00216450
0.00181460
0.00205830
0.00224000
0.00216980
0.00189460
0.00219210
0.00182970
0.00188430
0.00211920
0.00196490
0.00217170
0.00209070
0.00200640
0.00235280
0.00228680
0.00201770
0.00233080
0.00195070
0.00194640
0.00224830
0.00199140
0.00231240
0.00201060
0.00203090
0.00232270
0.00225780
0.00203810
0.00225830
0.00189690
0.00195460
0.00221080
0.00206090
0.00227480
0.00194620
0.00194160
0.00232660
0.00232590
0.00204250
0.00227590
0.00194920
0.00193650
0.00226330
0.00202230
0.00226680
0.00190540
0.00197430
0.00231220
0.00229450
0.00207920
0.00230040
0.00195700
0.00203080
0.00228440
0.00210120
0.00231930
0.00198770
0.00197640
0.00236300
0.00234690
0.00205810
0.00225810
0.00194690
0.00203260
0.00224910
0.00200950
0.00216870
0.00189310
0.00201180
0.00225950
0.00219310
0.00203350
0.00219440
0.00192540
0.00199060
0.00215820
0.00207360
0.00219850
0.00204120
0.00200880
0.00232680
0.00231160
0.00205830
0.00230280
0.00198240
0.00200460
0.00222900
0.00205300
0.00243460
0.00192750
0.00199550
0.00228070
0.00218140
0.00208920
0.00220350
0.00190300
0.00199100
0.00215910
0.00210070
0.00221810
0.00194240
0.00199190
0.00229580
0.00224000
0.00208130
0.00235940
0.00196900
0.00200290
0.00254840
0.00207130
0.00241370
0.00200540
0.00207210
0.00334720
0.00231410
0.00209060
0.00227190
0.00202430
0.00207950
0.00223580
0.00213400
0.00223630
0.00197710
0.00198730
0.00231830
0.00230330
0.00207240
0.00231660
0.00205380
0.00210990
0.00229500
0.00209690
0.00243460
0.00205710
0.00207720
0.00228870
0.00223020
0.00207660
0.00242540
0.00200640
0.00215360
0.00227990
0.00209960
0.00225680
0.00199910
0.00201190
0.00235940
0.00289710
0.00215240
0.00239480
0.00196930
0.00204180
0.00228430
0.00201140
0.00221810
0.00189970
0.00202050
0.00222010
0.00215550
0.00203250
0.00232170
0.00203570
0.00202060
0.00214590
0.00197170
0.00191260
0.00203090
0.00190190
0.00188200
0.00188060
0.00186810
0.00193760
0.00188080
0.00186010
0.00187750
0.00186760
0.00186330
0.00189480
0.00186990
0.00187170
0.00186550
0.00185560
0.00187470
0.00186890
0.00185700
0.00187170
0.00190190
0.00189810
0.00186810
0.00186490
0.00186740
0.00187000
0.00186170
0.00190300
0.00186710
0.00187820
0.00186050
0.00186160
0.00185030
0.00186510
0.00186860
0.00185600
0.00185550
0.00187410
0.00193390
0.00188370
0.00187070
0.00186750
0.00189060
0.00186670
0.00193450
0.00189060
0.00192790
0.00188910
0.00187400
0.00191980
0.00189070
0.00187890
0.00186360
0.00186620
0.00187440
0.00193850
0.00189300
0.00187480
0.00188570
0.00188900
0.00193860
0.00191970
0.00190680
0.00188470
0.00191710
0.00194600
0.00190130
0.00188680
0.00189450
0.00196110
0.00190410
0.00196320
0.00189130
0.00189120
0.00188000
0.00187070
0.00191630
0.00192300
0.00194190
0.00190450
0.00186600
0.00186720
0.00194320
0.00189420
0.00188180
0.00189470
0.00199360
0.00200100
0.00197670
0.00194100
0.00195630
0.00192990
0.00194730
0.00192790
0.00192020
0.00191280
0.00190170
0.00188230
0.00188800
0.00186580
0.00186610
0.00188160
0.00186720
0.00186940
0.00186390
0.00186400
0.00185860
0.00187200
0.00189940
0.00193240
0.00193380
0.00191210
0.00189250
0.00190470
0.00189620
0.00187130
0.00185510
0.00186880
0.00187140
0.00187200
0.00189560
0.00186550
0.00185630
0.00187020
0.00185910
0.00200980
0.00192310
0.00188890
0.00187640
0.00188920
0.00191350
0.00189580
0.00188860
0.00189530
0.00188370
0.00188080
0.00225500
0.00188610
0.00187850
0.00187190
0.00187260
0.00187790
0.00189630
0.00188780
0.00186450
0.00187140
0.00187530
0.00191350
0.00189340
0.00188350
0.00187220
0.00189720
0.00189480
0.00190460
0.00188620
0.00188430
0.00188460
0.00187490
0.00192180
0.00189840
0.00187880
0.00188300
0.00188740
0.00189330
0.00190040
0.00187840
0.00187850
0.00188370
0.00187370
0.00192200
0.00188890
0.00187950
0.00187310
0.00189260
0.00191070
0.00189940
0.00188690
0.00190480
0.00188150
0.00188500
0.00190230
0.00188980
0.00188560
0.00186840
0.00187570
0.00190530
0.00188140
0.00188780
0.00188830
0.00187190
0.00194820
0.00192260
0.00192500
0.00190450
0.00189740
0.00192490
0.00188560
0.00188560
0.00189540
0.00189200
0.00188250
0.00191140
0.00188000
0.00189670
0.00186510
0.00187660
0.00187460
0.00189160
0.00189170
0.00188620
0.00187560
0.00187970
0.00187450
0.00188680
0.00187230
0.00187340
0.00188120
0.00191820
0.00188400
0.00187260
0.00187230
0.00188250
0.00187010
0.00187760
0.00187090
0.00190420
0.00191150
0.00190730
0.00197360
0.00193310
0.00190740
0.00193440
0.00192470
0.00192350
0.00191370
0.00190460
0.00190550
0.00189700
0.00200870
0.00195030
0.00191590
0.00194210
0.00195580
0.00192410
0.00191970
0.00191380
0.00190500
0.00189460
0.00190670
0.00216510
0.00195020
0.00190520
0.00191180
0.00193700
0.00192780
0.00191650
0.00190110
0.00192540
0.00192190
0.00208150
0.00194230
0.00194700
0.00190920
0.00193350
0.00200880
0.00193620
0.00190120
0.00188520
0.00189300
0.00189800
0.00197440
0.00198520
0.00189480
0.00189380
0.00186020
0.00190010
0.00192520
0.00186920
0.00196290
0.00208650
0.00218710
0.00204480
0.00192380
0.00191120
0.00192580
0.00289780
0.00315180
0.00195950
0.00191690
0.00191340
0.00190250
0.00188710
0.00190920
0.00188940
0.00189430
0.00190690
0.00189970
0.00189480
0.00189100
0.00187730
0.00202880
0.00195350
0.00194480
0.00192940
0.00193950
0.00201660
0.00193850
0.00193010
0.00192390
0.00191140
0.00192160
0.00193350
0.00195610
0.00192640
0.00191680
0.00191140
0.00193350
0.00192500
0.00191800
0.00191130
0.00192460
0.00196640
0.00198540
0.00195200
0.00194840
0.00193550
0.00196980
0.00192660
0.00191360
0.00191060
0.00191760
0.00191280
0.00195240
0.00193270
0.00191660
0.00192500
0.00192400
0.00193540
0.00192320
0.00191130
0.00190910
0.00189400
0.00193390
0.00202850
0.00191240
0.00190560
0.00199010
0.00214350
0.00186800
0.00189610
0.00190090
0.00184630
0.00219880
0.00190600
0.00184720
0.00183340
0.00182010
0.00177160
0.00190480
0.00176620
0.00182020
0.00177230
0.00178610
0.00215950
0.00185090
0.00198360
0.00181470
0.00185120
0.00206600
0.00182630
0.00193880
0.00182830
0.00183550
0.00180620
0.00200500
0.00205490
0.00188560
0.00189280
0.00187800
0.00202660
0.00189730
0.00190200
0.00190790
0.00189240
0.00192760
0.00188820
0.00192050
0.00190630
0.00188150
0.00187980
0.00194450
0.00190170
0.00189030
0.00188410
0.00189270
0.00192060
0.00188680
0.00189890
0.00188640
0.00187930
0.00189150
0.00190960
0.00188630
0.00189550
0.00189190
0.00189130
0.00199630
0.00189660
0.00190280
0.00184390
0.00180910
0.00180680
0.00192080
0.00181540
0.00182420
0.00180940
0.00179790
0.00191170
0.00181110
0.00180290
0.00179920
0.00180410
0.00179860
0.00183290
0.00181030
0.00180220
0.00180020
0.00180570
0.00193490
0.00181580
0.00187830
