1
168.00,80.00,49.00,50.00
167.00,79.00,49.00,50.00
166.00,79.00,49.00,50.00
165.00,79.00,49.00,50.00
165.00,79.00,49.00,50.00
165.00,78.00,49.00,50.00
164.00,78.00,49.00,50.00
163.00,78.00,49.00,50.00
162.00,77.00,49.00,50.00
160.00,76.00,49.00,50.00
156.00,75.00,49.00,50.00
153.00,74.00,49.00,50.00
150.00,73.00,49.00,50.00
147.00,72.00,49.00,50.00
143.00,71.00,49.00,50.00
140.00,70.00,49.00,50.00
136.00,69.00,49.00,50.00
132.00,68.00,49.00,50.00
128.00,67.00,49.00,50.00
124.00,66.00,49.00,50.00
137.00,87.00,49.00,50.00
163.00,89.00,49.00,50.00
2
0
0
0
0
1
90.00,63.00,49.00,51.00
87.00,65.00,49.00,51.00
85.00,66.00,49.00,51.00
83.00,67.00,49.00,51.00
82.00,68.00,49.00,51.00
82.00,69.00,49.00,51.00
82.00,69.00,49.00,51.00
82.00,70.00,49.00,51.00
83.00,71.00,49.00,51.00
84.00,71.00,49.00,51.00
85.00,72.00,49.00,51.00
103.00,54.00,49.00,51.00
101.00,54.00,49.00,51.00
98.00,60.00,49.00,51.00
95.00,62.00,49.00,51.00
95.00,62.00,49.00,51.00
95.00,62.00,49.00,51.00
93.00,63.00,49.00,51.00
93.00,63.00,49.00,51.00
93.00,63.00,49.00,51.00
93.00,63.00,49.00,51.00
96.00,62.00,49.00,51.00
96.00,62.00,49.00,51.00
96.00,62.00,49.00,51.00
96.00,62.00,49.00,51.00
96.00,62.00,49.00,51.00
96.00,62.00,49.00,51.00
96.00,62.00,49.00,51.00
96.00,62.00,49.00,51.00
96.00,62.00,49.00,51.00
97.00,62.00,49.00,51.00
2
0
0
0
0
1
175.00,105.00,52.00,52.00
179.00,106.00,52.00,52.00
185.00,107.00,52.00,52.00
189.00,109.00,52.00,52.00
193.00,111.00,52.00,52.00
196.00,112.00,52.00,52.00
198.00,114.00,52.00,52.00
200.00,117.00,52.00,52.00
203.00,119.00,52.00,52.00
206.00,121.00,52.00,52.00
207.00,123.00,52.00,52.00
209.00,125.00,52.00,52.00
208.00,129.00,52.00,52.00
207.00,131.00,52.00,52.00
207.00,136.00,52.00,52.00
206.00,138.00,52.00,52.00
205.00,139.00,52.00,52.00
200.00,143.00,52.00,52.00
198.00,145.00,52.00,52.00
196.00,146.00,52.00,52.00
194.00,147.00,52.00,52.00
192.00,147.00,52.00,52.00
189.00,147.00,52.00,52.00
186.00,147.00,52.00,52.00
183.00,147.00,52.00,52.00
180.00,146.00,52.00,52.00
178.00,145.00,52.00,52.00
177.00,143.00,52.00,52.00
176.00,140.00,52.00,52.00
175.00,136.00,52.00,52.00
175.00,131.00,52.00,52.00
175.00,126.00,52.00,52.00
174.00,121.00,52.00,52.00
174.00,118.00,52.00,52.00
173.00,114.00,52.00,52.00
173.00,109.00,52.00,52.00
172.00,105.00,52.00,52.00
172.00,104.00,52.00,52.00
174.00,98.00,52.00,52.00
175.00,93.00,52.00,52.00
176.00,90.00,52.00,52.00
176.00,88.00,52.00,52.00
176.00,87.00,52.00,52.00
174.00,87.00,52.00,52.00
173.00,88.00,52.00,52.00
171.00,90.00,52.00,52.00
169.00,91.00,52.00,52.00
168.00,92.00,52.00,52.00
168.00,93.00,52.00,52.00
168.00,94.00,52.00,52.00
170.00,104.00,52.00,52.00
171.00,104.00,52.00,52.00
171.00,104.00,52.00,52.00
171.00,104.00,52.00,52.00
171.00,104.00,52.00,52.00
171.00,104.00,52.00,52.00
171.00,104.00,52.00,52.00
171.00,104.00,52.00,52.00
178.00,104.00,52.00,52.00
178.00,104.00,52.00,52.00
171.00,104.00,52.00,52.00
171.00,103.00,52.00,52.00
161.00,123.00,52.00,52.00
167.00,105.00,52.00,52.00
166.00,105.00,52.00,52.00
166.00,105.00,52.00,52.00
167.00,105.00,52.00,52.00
167.00,105.00,52.00,52.00
168.00,105.00,52.00,52.00
167.00,105.00,52.00,52.00
166.00,105.00,52.00,52.00
170.00,105.00,52.00,52.00
2
0
0
0
0
1
196.00,39.00,33.00,51.00
197.00,38.00,33.00,51.00
197.00,37.00,33.00,51.00
195.00,37.00,33.00,51.00
194.00,38.00,33.00,51.00
192.00,38.00,33.00,51.00
189.00,40.00,33.00,51.00
185.00,40.00,33.00,51.00
182.00,41.00,33.00,51.00
178.00,44.00,33.00,51.00
175.00,47.00,33.00,51.00
2
0
0
0
0
1
172.00,68.00,32.00,49.00
174.00,73.00,32.00,49.00
175.00,76.00,32.00,49.00
176.00,81.00,32.00,49.00
177.00,84.00,32.00,49.00
177.00,85.00,32.00,49.00
180.00,87.00,32.00,49.00
181.00,86.00,32.00,49.00
190.00,89.00,32.00,49.00
192.00,89.00,32.00,49.00
195.00,90.00,32.00,49.00
194.00,91.00,32.00,49.00
190.00,89.00,32.00,49.00
187.00,88.00,32.00,49.00
180.00,87.00,32.00,49.00
176.00,86.00,32.00,49.00
170.00,84.00,32.00,49.00
161.00,86.00,32.00,49.00
156.00,85.00,32.00,49.00
174.00,101.00,32.00,49.00
2
0
0
0
0
1
75.00,70.00,46.00,51.00
68.00,68.00,46.00,51.00
61.00,67.00,46.00,51.00
56.00,67.00,46.00,51.00
50.00,68.00,46.00,51.00
44.00,70.00,46.00,51.00
39.00,72.00,46.00,51.00
35.00,75.00,46.00,51.00
33.00,79.00,46.00,51.00
33.00,83.00,46.00,51.00
34.00,85.00,46.00,51.00
37.00,88.00,46.00,51.00
40.00,90.00,46.00,51.00
44.00,93.00,46.00,51.00
48.00,98.00,46.00,51.00
51.00,102.00,46.00,51.00
54.00,108.00,46.00,51.00
56.00,113.00,46.00,51.00
58.00,118.00,46.00,51.00
61.00,125.00,46.00,51.00
65.00,131.00,46.00,51.00
67.00,135.00,46.00,51.00
71.00,139.00,46.00,51.00
74.00,142.00,46.00,51.00
77.00,144.00,46.00,51.00
81.00,146.00,46.00,51.00
84.00,149.00,46.00,51.00
88.00,150.00,46.00,51.00
92.00,151.00,46.00,51.00
96.00,153.00,46.00,51.00
71.00,128.00,46.00,51.00
72.00,126.00,46.00,51.00
72.00,126.00,46.00,51.00
72.00,126.00,46.00,51.00
2
0
0
0
0
1
149.00,183.00,49.00,42.00
154.00,182.00,49.00,42.00
159.00,180.00,49.00,42.00
164.00,178.00,49.00,42.00
168.00,176.00,49.00,42.00
171.00,172.00,49.00,42.00
173.00,169.00,49.00,42.00
175.00,165.00,49.00,42.00
176.00,162.00,49.00,42.00
178.00,159.00,49.00,42.00
180.00,156.00,49.00,42.00
182.00,154.00,49.00,42.00
184.00,151.00,49.00,42.00
186.00,148.00,49.00,42.00
187.00,146.00,49.00,42.00
188.00,144.00,49.00,42.00
188.00,143.00,49.00,42.00
187.00,142.00,49.00,42.00
188.00,140.00,49.00,42.00
187.00,138.00,49.00,42.00
187.00,135.00,49.00,42.00
187.00,129.00,49.00,42.00
185.00,127.00,49.00,42.00
185.00,123.00,49.00,42.00
187.00,114.00,49.00,42.00
186.00,119.00,49.00,42.00
185.00,120.00,49.00,42.00
183.00,117.00,49.00,42.00
182.00,116.00,49.00,42.00
180.00,93.00,49.00,42.00
178.00,93.00,49.00,42.00
177.00,91.00,49.00,42.00
177.00,91.00,49.00,42.00
177.00,91.00,49.00,42.00
176.00,90.00,49.00,42.00
176.00,90.00,49.00,42.00
175.00,90.00,49.00,42.00
