0.00013020
0.00047470
0.00039650
0.00040250
0.00040450
0.00038560
0.00039360
0.00035040
0.00039640
0.00046290
0.00037350
0.00040030
0.00038820
0.00034640
0.00034890
0.00036070
0.00036210
0.00042170
0.00036070
0.00036960
0.00036270
0.00035160
0.00034870
0.00035500
0.00000000
0.00000000
0.00000000
0.00000000
0.00008970
0.00052590
0.00045640
0.00039960
0.00039110
0.00039590
0.00044630
0.00041300
0.00038120
0.00037390
0.00038460
0.00042950
0.00037940
0.00037640
0.00038060
0.00048020
0.00038070
0.00037280
0.00042550
0.00041490
0.00037670
0.00037760
0.00041150
0.00041730
0.00041030
0.00039730
0.00039250
0.00043760
0.00046630
0.00041360
0.00041450
0.00040750
0.00040180
0.00000000
0.00000000
0.00000000
0.00000000
0.00000990
0.00044940
0.00040390
0.00040400
0.00042800
0.00041140
0.00040190
0.00039890
0.00039730
0.00039700
0.00040160
0.00039540
0.00039510
0.00039830
0.00041280
0.00040790
0.00039520
0.00039930
0.00039320
0.00041730
0.00039430
0.00039340
0.00039980
0.00039970
0.00040200
0.00039500
0.00039740
0.00039950
0.00039730
0.00039630
0.00039670
0.00040130
0.00039680
0.00040030
0.00039620
0.00040420
0.00039250
0.00040010
0.00039270
0.00040180
0.00039230
0.00039410
0.00039760
0.00040870
0.00040700
0.00039520
0.00040020
0.00040080
0.00039830
0.00039810
0.00038150
0.00038480
0.00045610
0.00037980
0.00042310
0.00040000
0.00038710
0.00041890
0.00038200
0.00037760
0.00038280
0.00038260
0.00038140
0.00038460
0.00038100
0.00038230
0.00038070
0.00038250
0.00037850
0.00038190
0.00037770
0.00037910
0.00038720
0.00037970
0.00000000
0.00000000
0.00000000
0.00000000
0.00010990
0.00049690
0.00043780
0.00038550
0.00038890
0.00038650
0.00038510
0.00038930
0.00038250
0.00039460
0.00039750
0.00040920
0.00038780
0.00000000
0.00000000
0.00000000
0.00000000
0.00000970
0.00039490
0.00037500
0.00034040
0.00037830
0.00033790
0.00033650
0.00034500
0.00042760
0.00033860
0.00037340
0.00033800
0.00033720
0.00033710
0.00034020
0.00034110
0.00041180
0.00034000
0.00033590
0.00033840
0.00033710
0.00033940
0.00000000
0.00000000
0.00000000
0.00000000
0.00000900
0.00038330
0.00038330
0.00037380
0.00038380
0.00037370
0.00041450
0.00037530
0.00038590
0.00037710
0.00038110
0.00037690
0.00038210
0.00037650
0.00037520
0.00041510
0.00037880
0.00038110
0.00039220
0.00040600
0.00040790
0.00050980
0.00046900
0.00037960
0.00038660
0.00037360
0.00037780
0.00037940
0.00038370
0.00038390
0.00037930
0.00038080
0.00037700
0.00038280
0.00037690
0.00042510
0.00000000
0.00000000
0.00000000
0.00000000
0.00000940
0.00033640
0.00030530
0.00030340
0.00030980
0.00031120
0.00034830
0.00031690
0.00033230
0.00033100
0.00033570
0.00033190
0.00037230
0.00034510
0.00034110
0.00033800
0.00033270
0.00033400
0.00033100
0.00033150
0.00037310
0.00033720
0.00033560
0.00035370
0.00033580
0.00034660
0.00035150
0.00034700
0.00035040
0.00034600
0.00034460
0.00034480
0.00034690
0.00035180
0.00034730
0.00034970
0.00034340
0.00034870
