0.00172610
0.00211520
0.00212680
0.00214380
0.00000000
0.00000000
0.00000000
0.00000000
0.00072620
0.00085550
0.00083460
0.00091450
0.00000000
0.00000000
0.00000000
0.00000000
0.00067460
0.00082680
0.00086390
0.00000000
0.00000000
0.00000000
0.00000000
0.00076450
0.00087930
0.00083520
0.00084900
0.00000000
0.00000000
0.00000000
0.00000000
0.00123610
0.00176800
0.00174440
0.00182260
0.00000000
0.00000000
0.00000000
0.00000000
0.00063400
0.00077090
0.00070170
0.00068270
0.00068950
0.00068200
0.00069280
0.00067470
0.00068460
0.00067920
0.00071540
0.00000000
0.00000000
0.00000000
0.00000000
0.00057390
0.00077840
0.00072880
0.00071340
0.00068700
0.00079550
0.00069060
0.00068570
0.00068280
0.00069090
0.00075350
0.00070870
0.00068640
0.00068310
0.00067940
0.00073050
0.00073570
0.00071000
0.00071770
0.00071960
0.00071410
0.00067610
0.00068370
0.00067750
0.00067150
0.00069750
0.00069100
0.00068370
0.00068240
0.00068380
0.00069040
0.00068410
0.00068710
0.00069170
0.00068050
0.00071770
0.00068810
0.00067680
0.00067160
0.00067830
0.00067520
0.00070820
0.00070350
0.00068390
0.00067490
0.00068910
0.00068420
0.00070490
0.00070600
0.00068360
0.00067920
0.00070120
0.00068720
0.00068540
0.00068450
0.00073770
0.00068930
0.00067970
0.00067720
0.00068220
0.00068180
0.00070000
0.00069760
0.00071660
0.00085530
0.00077700
0.00072330
0.00071730
0.00072520
0.00072710
0.00073810
0.00077490
0.00076370
0.00074070
0.00073660
0.00073550
0.00069730
0.00070400
0.00068270
0.00068440
0.00069030
0.00069360
0.00000000
0.00000000
0.00000000
0.00000000
0.00102540
0.00165290
0.00131670
0.00132810
0.00129960
0.00129500
0.00129810
0.00139390
0.00191310
0.00176390
0.00000000
0.00000000
0.00000000
0.00000000
0.00122710
0.00251150
0.00259580
0.00201730
0.00206760
0.00200760
0.00210330
0.00339360
0.00290190
0.00287030
0.00248930
0.00255000
0.00000000
0.00000000
0.00000000
0.00000000
0.00067070
0.00080380
0.00099860
0.00075190
0.00066420
0.00066210
0.00069420
0.00115270
0.00113300
0.00113370
0.00116910
0.00069210
0.00067780
0.00064340
0.00071910
0.00073790
0.00066290
0.00067650
0.00065310
0.00063870
0.00065030
0.00063320
0.00065870
0.00000000
0.00000000
0.00000000
0.00000000
0.00054160
0.00117010
0.00126330
0.00116480
0.00111070
0.00109390
0.00000000
0.00000000
0.00000000
0.00000000
0.00090080
0.00103760
0.00071230
0.00068840
0.00067250
0.00064220
0.00063630
0.00075430
0.00000000
0.00000000
0.00000000
0.00000000
0.00101140
0.00130990
0.00133410
0.00133450
0.00131470
0.00000000
0.00000000
0.00000000
0.00000000
0.00123760
0.00157940
0.00156130
0.00158240
0.00171530
0.00212790
0.00164960
0.00158680
0.00169340
0.00172080
0.00156050
0.00163110
0.00164120
0.00161550
0.00156150
0.00000000
0.00000000
0.00000000
0.00000000
0.00150890
0.00263290
0.00261080
0.00233240
0.00214580
0.00235370
0.00000000
0.00000000
0.00000000
0.00000000
0.00153970
0.00238980
0.00215590
0.00206940
0.00275700
0.00254440
0.00232040
0.00214980
0.00210900
0.00220540
0.00207970
0.00300380
0.00206370
0.00205150
0.00242230
0.00208000
0.00213190
0.00218920
0.00208210
0.00214510
0.00206660
0.00206530
0.00210600
0.00205550
0.00211510
0.00207630
0.00206170
0.00204840
0.00207450
0.00204570
0.00208670
0.00211740
0.00208330
0.00210540
0.00208930
0.00210050
0.00216500
0.00210650
0.00208350
0.00228560
0.00251850
0.00219540
0.00207480
0.00206330
0.00259150
0.00215260
