1
121.67,112.31,46.73,58.57
93.67,115.31,46.73,58.57
2
0
0
0
0
1
121.30,113.90,46.27,57.89
95.30,117.90,46.27,57.89
2
0
0
0
0
1
93.83,103.46,46.96,58.12
2
0
0
0
0
1
118.20,114.59,46.27,57.66
87.20,114.59,46.27,57.66
2
0
0
0
0
1
121.55,107.89,44.90,56.07
154.55,108.89,44.90,56.07
2
0
0
0
0
1
145.97,79.88,43.77,54.92
143.97,78.88,43.77,54.92
139.97,75.88,43.77,54.92
136.97,74.88,43.77,54.92
111.97,51.88,43.77,54.92
108.97,51.88,43.77,54.92
105.97,51.88,43.77,54.92
101.97,52.88,43.77,54.92
97.97,52.88,43.77,54.92
2
0
0
0
0
1
131.13,96.73,43.30,53.33
132.13,97.73,43.30,53.33
132.13,98.73,43.30,53.33
133.13,99.73,43.30,53.33
132.13,100.73,43.30,53.33
131.13,102.73,43.30,53.33
131.13,104.73,43.30,53.33
131.13,106.73,43.30,53.33
130.13,108.73,43.30,53.33
130.13,109.73,43.30,53.33
129.13,110.73,43.30,53.33
130.13,112.73,43.30,53.33
131.13,113.73,43.30,53.33
132.13,113.73,43.30,53.33
131.13,113.73,43.30,53.33
131.13,111.73,43.30,53.33
131.13,109.73,43.30,53.33
131.13,106.73,43.30,53.33
130.13,103.73,43.30,53.33
130.13,99.73,43.30,53.33
130.13,95.73,43.30,53.33
130.13,92.73,43.30,53.33
130.13,90.73,43.30,53.33
131.13,87.73,43.30,53.33
130.13,86.73,43.30,53.33
130.13,85.73,43.30,53.33
129.13,86.73,43.30,53.33
129.13,87.73,43.30,53.33
129.13,88.73,43.30,53.33
128.13,89.73,43.30,53.33
127.13,90.73,43.30,53.33
126.13,91.73,43.30,53.33
125.13,92.73,43.30,53.33
124.13,93.73,43.30,53.33
122.13,94.73,43.30,53.33
120.13,95.73,43.30,53.33
119.13,96.73,43.30,53.33
118.13,97.73,43.30,53.33
117.13,98.73,43.30,53.33
120.13,95.73,43.30,53.33
119.13,89.73,43.30,53.33
118.13,84.73,43.30,53.33
117.13,81.73,43.30,53.33
116.13,80.73,43.30,53.33
115.13,80.73,43.30,53.33
115.13,80.73,43.30,53.33
115.13,79.73,43.30,53.33
115.13,78.73,43.30,53.33
116.13,78.73,43.30,53.33
117.13,77.73,43.30,53.33
118.13,76.73,43.30,53.33
119.13,75.73,43.30,53.33
121.13,74.73,43.30,53.33
122.13,73.73,43.30,53.33
123.13,73.73,43.30,53.33
124.13,73.73,43.30,53.33
124.13,72.73,43.30,53.33
124.13,72.73,43.30,53.33
124.13,71.73,43.30,53.33
124.13,70.73,43.30,53.33
124.13,70.73,43.30,53.33
122.13,69.73,43.30,53.33
121.13,68.73,43.30,53.33
118.13,68.73,43.30,53.33
115.13,68.73,43.30,53.33
111.13,67.73,43.30,53.33
107.13,67.73,43.30,53.33
103.13,67.73,43.30,53.33
99.13,66.73,43.30,53.33
96.13,66.73,43.30,53.33
92.13,66.73,43.30,53.33
88.13,65.73,43.30,53.33
84.13,65.73,43.30,53.33
81.13,65.73,43.30,53.33
78.13,65.73,43.30,53.33
76.13,66.73,43.30,53.33
73.13,66.73,43.30,53.33
71.13,66.73,43.30,53.33
68.13,66.73,43.30,53.33
66.13,66.73,43.30,53.33
2
0
0
0
0
1
118.91,101.40,42.39,49.92
126.91,94.40,42.39,49.92
129.91,92.40,42.39,49.92
132.91,92.40,42.39,49.92
133.91,92.40,42.39,49.92
134.91,92.40,42.39,49.92
141.91,81.40,42.39,49.92
144.91,82.40,42.39,49.92
2
0
0
0
0
1
65.57,114.65,41.48,50.37
63.57,113.65,41.48,50.37
63.57,111.65,41.48,50.37
63.57,110.65,41.48,50.37
61.57,111.65,41.48,50.37
59.57,112.65,41.48,50.37
57.57,113.65,41.48,50.37
53.57,111.65,41.48,50.37
51.57,108.65,41.48,50.37
48.57,107.65,41.48,50.37
2
0
0
0
0
1
64.70,115.91,40.11,48.32
60.70,113.91,40.11,48.32
58.70,111.91,40.11,48.32
56.70,110.91,40.11,48.32
56.70,109.91,40.11,48.32
56.70,109.91,40.11,48.32
54.70,108.91,40.11,48.32
52.70,107.91,40.11,48.32
50.70,107.91,40.11,48.32
47.70,107.91,40.11,48.32
44.70,107.91,40.11,48.32
42.70,107.91,40.11,48.32
40.70,106.91,40.11,48.32
38.70,106.91,40.11,48.32
35.70,105.91,40.11,48.32
33.70,104.91,40.11,48.32
33.70,86.91,40.11,48.32
43.70,78.91,40.11,48.32
44.70,67.91,40.11,48.32
41.70,58.91,40.11,48.32
40.70,58.91,40.11,48.32
2
0
0
0
0
1
63.38,97.72,37.83,46.72
91.38,104.72,37.83,46.72
90.38,92.72,37.83,46.72
74.38,70.72,37.83,46.72
2
0
0
0
0
1
58.99,95.37,39.43,47.87
66.99,119.37,39.43,47.87
39.99,109.37,39.43,47.87
37.99,107.37,39.43,47.87
36.99,107.37,39.43,47.87
36.99,106.37,39.43,47.87
2
0
0
0
0
1
80.86,82.85,38.06,49.00
80.86,53.85,38.06,49.00
79.86,50.85,38.06,49.00
2
0
0
0
0
1
90.87,121.95,39.43,51.29
86.87,114.95,39.43,51.29
86.87,114.95,39.43,51.29
88.87,115.95,39.43,51.29
91.87,116.95,39.43,51.29
94.87,116.95,39.43,51.29
95.87,118.95,39.43,51.29
97.87,118.95,39.43,51.29
94.87,119.95,39.43,51.29
90.87,118.95,39.43,51.29
83.87,118.95,39.43,51.29
77.87,118.95,39.43,51.29
72.87,118.95,39.43,51.29
2
0
0
0
0
1
59.75,101.04,43.76,58.81
55.75,77.04,43.76,58.81
58.75,49.04,43.76,58.81
64.75,36.04,43.76,58.81
2
0
0
0
0
1
90.34,123.50,43.53,59.71
97.34,114.50,43.53,59.71
101.34,115.50,43.53,59.71
104.34,117.50,43.53,59.71
108.35,118.50,43.53,59.71
110.35,119.50,43.53,59.71
113.35,120.50,43.53,59.71
114.35,120.50,43.53,59.71
116.35,119.50,43.53,59.71
117.35,119.50,43.53,59.71
119.35,117.50,43.53,59.71
121.35,114.50,43.53,59.71
123.35,110.50,43.53,59.71
124.35,106.50,43.53,59.71
126.35,102.50,43.53,59.71
127.35,98.50,43.53,59.71
127.35,94.50,43.53,59.71
126.35,91.50,43.53,59.71
124.35,88.50,43.53,59.71
122.35,85.50,43.53,59.71
119.35,81.50,43.53,59.71
115.35,78.50,43.53,59.71
112.35,75.50,43.53,59.71
110.35,72.50,43.53,59.71
107.35,70.50,43.53,59.71
104.35,68.50,43.53,59.71
102.35,67.50,43.53,59.71
100.35,66.50,43.53,59.71
99.35,67.50,43.53,59.71
98.35,68.50,43.53,59.71
97.35,69.50,43.53,59.71
96.35,71.50,43.53,59.71
96.35,73.50,43.53,59.71
95.35,75.50,43.53,59.71
94.35,77.50,43.53,59.71
92.35,79.50,43.53,59.71
91.35,81.50,43.53,59.71
90.35,84.50,43.53,59.71
89.35,87.50,43.53,59.71
89.35,89.50,43.53,59.71
90.35,92.50,43.53,59.71
92.35,94.50,43.53,59.71
94.35,96.50,43.53,59.71
96.35,98.50,43.53,59.71
99.35,99.50,43.53,59.71
