0.00001420
0.00313590
0.00311200
0.00261260
0.00250440
0.00265840
0.00248980
0.00253610
0.00268930
0.00252180
0.00263540
0.00280050
0.00258580
0.00265490
0.00269060
0.00266240
0.00260890
0.00256590
0.00252210
0.00256360
0.00258410
0.00257230
0.00262920
0.00259620
0.00259880
0.00270240
0.00265200
0.00263530
0.00273640
0.00270050
0.00265640
0.00263930
0.00264850
0.00273770
0.00278120
0.00265100
0.00265960
0.00270720
0.00256130
0.00268220
0.00278300
0.00257340
0.00255080
0.00263560
0.00252220
0.00260840
0.00272880
0.00256240
0.00262210
0.00270260
0.00263330
0.00269200
0.00274570
0.00261620
0.00262600
0.00271550
0.00258100
0.00267330
0.00272610
0.00264080
0.00265880
0.00250900
0.00250850
0.00257890
0.00253600
0.00259350
0.00263660
0.00254890
0.00262260
0.00277830
0.00255820
0.00258780
0.00271520
0.00253060
0.00284280
0.00273770
0.00253000
0.00259690
0.00272200
0.00183260
0.00186610
0.00192940
0.00000000
0.00000000
0.00000000
0.00000000
0.00001280
0.00156000
0.00184030
0.00157930
0.00176870
0.00000000
0.00000000
0.00000000
0.00000000
0.00001290
0.00136910
0.00167420
0.00173180
0.00179000
0.00146550
0.00160290
0.00148580
0.00000000
0.00000000
0.00000000
0.00000000
0.00001450
0.00170980
0.00177750
0.00171820
0.00155510
0.00185300
0.00177080
0.00181870
0.00178560
0.00000000
0.00000000
0.00000000
0.00000000
0.00001130
0.00188150
0.00183990
0.00186220
0.00180120
0.00171770
0.00000000
0.00000000
0.00000000
0.00000000
0.00001150
0.00151810
0.00182400
0.00156700
0.00000000
0.00000000
0.00000000
0.00000000
0.00001130
0.00157370
0.00153990
0.00167990
0.00167660
0.00143050
0.00145750
0.00000000
0.00000000
0.00000000
0.00000000
0.00001330
0.00148090
0.00144420
0.00151620
0.00138160
0.00132080
0.00117360
0.00148340
0.00124430
0.00000000
0.00000000
0.00000000
0.00000000
0.00001080
0.00108390
0.00119380
0.00119300
0.00108640
0.00106110
0.00118820
0.00123240
0.00114580
0.00000000
0.00000000
0.00000000
0.00000000
0.00006150
0.00056880
0.00045480
0.00045910
0.00042940
0.00042960
0.00042530
0.00042300
0.00041220
0.00041610
0.00042450
0.00041870
0.00041300
0.00041520
0.00041660
0.00041970
0.00000000
0.00000000
0.00000000
0.00000000
0.00012020
0.00094970
0.00076700
0.00084850
0.00087210
0.00090660
0.00083630
0.00090650
0.00082980
0.00091330
0.00089270
0.00075860
