1
139.00,26.00,33.00,129.00
138.00,26.00,33.00,129.00
138.00,26.00,33.00,129.00
138.00,27.00,33.00,129.00
137.00,27.00,33.00,129.00
137.00,28.00,33.00,129.00
136.00,28.00,33.00,129.00
135.00,29.00,33.00,129.00
135.00,29.00,33.00,129.00
134.00,30.00,33.00,129.00
134.00,30.00,33.00,129.00
134.00,31.00,33.00,129.00
133.00,32.00,33.00,129.00
132.00,32.00,33.00,129.00
132.00,32.00,33.00,129.00
131.00,32.00,33.00,129.00
131.00,32.00,33.00,129.00
132.00,31.00,33.00,129.00
132.00,31.00,33.00,129.00
132.00,30.00,33.00,129.00
133.00,30.00,33.00,129.00
133.00,30.00,33.00,129.00
133.00,30.00,33.00,129.00
134.00,30.00,33.00,129.00
135.00,30.00,33.00,129.00
135.00,30.00,33.00,129.00
135.00,30.00,33.00,129.00
136.00,30.00,33.00,129.00
136.00,31.00,33.00,129.00
137.00,31.00,33.00,129.00
137.00,32.00,33.00,129.00
137.00,32.00,33.00,129.00
136.00,33.00,33.00,129.00
136.00,33.00,33.00,129.00
136.00,33.00,33.00,129.00
135.00,34.00,33.00,129.00
134.00,34.00,33.00,129.00
134.00,34.00,33.00,129.00
133.00,34.00,33.00,129.00
133.00,34.00,33.00,129.00
132.00,34.00,33.00,129.00
132.00,34.00,33.00,129.00
132.00,34.00,33.00,129.00
132.00,34.00,33.00,129.00
133.00,35.00,33.00,129.00
132.00,35.00,33.00,129.00
133.00,35.00,33.00,129.00
133.00,36.00,33.00,129.00
133.00,37.00,33.00,129.00
133.00,37.00,33.00,129.00
132.00,36.00,33.00,129.00
132.00,36.00,33.00,129.00
132.00,37.00,33.00,129.00
131.00,36.00,33.00,129.00
131.00,36.00,33.00,129.00
131.00,36.00,33.00,129.00
132.00,36.00,33.00,129.00
132.00,35.00,33.00,129.00
133.00,35.00,33.00,129.00
133.00,34.00,33.00,129.00
134.00,34.00,33.00,129.00
134.00,34.00,33.00,129.00
135.00,35.00,33.00,129.00
135.00,35.00,33.00,129.00
136.00,35.00,33.00,129.00
134.00,35.00,33.00,129.00
134.00,34.00,33.00,129.00
133.00,34.00,33.00,129.00
133.00,34.00,33.00,129.00
132.00,35.00,33.00,129.00
132.00,35.00,33.00,129.00
132.00,35.00,33.00,129.00
130.00,35.00,33.00,129.00
128.00,35.00,33.00,129.00
121.00,34.00,33.00,129.00
115.00,33.00,33.00,129.00
112.00,32.00,33.00,129.00
106.00,30.00,33.00,129.00
109.00,29.00,33.00,129.00
106.00,28.00,33.00,129.00
2
0
0
0
0
1
105.00,37.00,48.00,108.00
115.00,36.00,48.00,108.00
114.00,36.00,48.00,108.00
2
0
0
0
0
1
100.00,41.00,55.00,98.00
91.00,40.00,55.00,98.00
86.00,39.00,55.00,98.00
76.00,39.00,55.00,98.00
68.00,40.00,55.00,98.00
64.00,40.00,55.00,98.00
2
0
0
0
0
1
126.00,41.00,49.00,107.00
128.00,40.00,49.00,107.00
100.00,39.00,49.00,107.00
103.00,37.00,49.00,107.00
134.00,36.00,49.00,107.00
77.00,34.00,49.00,107.00
76.00,33.00,49.00,107.00
2
0
0
0
0
1
135.00,42.00,50.00,123.00
142.00,42.00,50.00,123.00
153.00,42.00,50.00,123.00
91.00,41.00,50.00,123.00
2
0
0
0
0
1
135.00,52.00,58.00,106.00
133.00,51.00,58.00,106.00
2
0
0
0
0
1
95.00,72.00,101.00,78.00
118.00,72.00,101.00,78.00
105.00,70.00,101.00,78.00
54.00,67.00,101.00,78.00
18.00,66.00,101.00,78.00
2
0
0
0
0
1
139.00,55.00,78.00,86.00
127.00,56.00,78.00,86.00
120.00,57.00,78.00,86.00
108.00,57.00,78.00,86.00
95.00,57.00,78.00,86.00
89.00,56.00,78.00,86.00
77.00,55.00,78.00,86.00
2
0
0
0
0
1
112.00,61.00,75.00,79.00
111.00,60.00,75.00,79.00
99.00,58.00,75.00,79.00
102.00,58.00,75.00,79.00
102.00,57.00,75.00,79.00
126.00,58.00,75.00,79.00
149.00,59.00,75.00,79.00
2
0
0
0
0
1
162.00,43.00,37.00,53.00
187.00,41.00,37.00,53.00
173.00,38.00,37.00,53.00
171.00,37.00,37.00,53.00
170.00,35.00,37.00,53.00
169.00,33.00,37.00,53.00
173.00,33.00,37.00,53.00
169.00,31.00,37.00,53.00
143.00,29.00,37.00,53.00
141.00,28.00,37.00,53.00
145.00,27.00,37.00,53.00
142.00,26.00,37.00,53.00
140.00,25.00,37.00,53.00
137.00,24.00,37.00,53.00
2
0
0
0
0
1
176.00,62.00,29.00,68.00
177.00,62.00,29.00,68.00
179.00,62.00,29.00,68.00
179.00,62.00,29.00,68.00
179.00,62.00,29.00,68.00
178.00,63.00,29.00,68.00
176.00,63.00,29.00,68.00
175.00,63.00,29.00,68.00
173.00,64.00,29.00,68.00
171.00,64.00,29.00,68.00
170.00,64.00,29.00,68.00
